36 30 -30 -18 -18 -6 -12 -60 -48 -24 -60 -54 -54 -36 30 -18 18 -42 6 36 54 -18 -18 0 -30 18 42 -42 36 60 -60 -30 42 -60 30 -60 -18 -6 36 36 -60 -36 -36 60 -36 12 -36 48 -54 -24 48 48 30 -54 -54 30 60 48 30 -18 -60 24 6 18 36 48 -42 42 -54 -6 0 36 -12 -24 -24 30 60 -30 24 30 -42 -24 -54 -36 30 -6 42 -36 30 -42 12 -18 -48 -60 0 30 48 -18 12 42 -54 -60 54 60 6 -30 -18 48 -12 -12 0 36 -18 -60 6 -24 -6 42 60 -54 30 6 -36 -24 -18 48 -48 18 42 12 42 24 -36 -48 -30 36 12 -60 -48 -30 -36 30 36 -6 -18 -54 48 42 6 24
30 89 15 -39 -23 -21 -18 -114 -104 -60 -34 -101 -21 42 -39 -15 -33 -11 61 62 77 -71 -7 16 -1 95 107 45 46 106 -106 7 67 -122 49 -90 -31 -29 22 38 -42 -54 -54 -6 -70 50 -110 8 35 -92 -16 -16 -47 -5 -61 73 106 104 -7 -63 -74 52 77 -49 -50 -24 -35 -21 -77 -45 40 46 -34 -52 -12 -55 74 -41 36 97 5 28 35 -110 33 11 -21 42 -15 -51 -46 -47 16 -74 32 49 -24 -79 -22 19 -29 -26 85 106 77 55 -79 -40 -66 -2 -64 70 -31 30 13 -60 35 35 -30 -93 81 21 -70 28 -63 16 16 -65 -13 -38 11 4 -30 8 -105 -18 -62 6 -112 -81 50 -55 78 -13 -55 -77 16 -13 -59 -4
-30 15 99 -56 -46 -47 -65 80 35 -47 116 -46 109 117 -100 29 -115 71 58 18 -25 50 -43 31 75 -28 -4 148 36 -29 -20 38 27 -2 11 39 12 -80 -98 -4 62 -34 85 -120 47 15 -62 -102 60 -95 -82 -117 -98 119 -35 54 48 70 11 -43 56 -28 82 -111 -73 -59 91 -63 -3 43 18 -48 44 -42 88 -96 14 78 -10 -36 130 57 60 15 -34 -41 -98 61 -71 88 25 51 61 35 -1 -3 -10 -81 5 -108 41 65 36 55 47 19 10 -62 -4 71 -47 -40 -2 128 28 -54 100 -98 -51 -20 -18 -2 -58 1 34 15 33 -93 -37 -82 -92 26 58 7 -39 -53 -27 43 37 18 115 -124 -21 -63 -17 -24 15 -23 25 14
-18 -39 -56 118 58 105 107 22 -22 99 -94 118 -8 -87 -5 11 53 -18 -2 -104 -69 -98 132 24 -82 93 -38 -87 -100 -71 31 -31 -75 29 -102 47 -35 152 57 -87 19 137 -89 61 -15 -33 48 48 49 83 -7 3 50 -50 107 -53 -183 -128 -127 113 -27 -22 -96 109 -56 0 -85 40 29 -48 -25 -40 -35 132 -21 9 -101 -3 24 -20 -56 -2 7 -10 46 109 -10 -29 6 -9 -95 -73 73 -9 66 -62 -20 151 -46 105 37 -9 -52 -125 -50 7 -55 28 15 -55 62 1 -13 -50 -14 125 -50 69 -98 49 -46 -61 93 74 7 -53 75 53 -83 78 12 -28 40 138 25 16 37 63 15 4 -28 107 -30 24 68 53 -71 -93 -11 -107
-18 -23 -46 58 132 -34 78 -24 -14 18 40 123 23 11 39 33 60 -10 -90 9 -44 -75 25 -39 -53 2 24 -93 -22 -52 93 75 -83 107 -85 -4 38 28 27 48 -42 43 -62 -40 -88 65 107 85 30 105 11 108 58 39 56 -116 -37 -161 -108 -29 79 3 12 13 84 -115 -64 -109 14 -60 -23 78 -50 34 -68 -15 -44 -100 14 26 -45 -43 30 -38 11 90 -17 15 58 -32 -15 -92 41 64 35 -18 -56 89 13 71 41 112 -95 -176 -49 83 36 -38 -38 -97 43 -22 16 -24 -48 101 -166 42 8 119 45 96 31 -13 -108 -66 95 -37 -93 -3 21 -46 -104 32 101 38 -32 138 49 -31 -72 61 -19 96 -66 129 -148 -91 -134 29
-6 -21 -47 105 -34 190 108 -26 -1 127 -181 57 -87 -121 0 -62 70 2 58 -128 -7 -62 171 16 -24 140 -70 -28 -142 -15 4 -100 -24 -82 -27 66 -55 199 102 -180 95 117 -51 114 49 -108 -23 -19 52 46 -2 -78 10 -141 149 26 -230 -41 -58 194 -109 -2 -144 142 -182 83 -35 166 57 -38 31 -116 -10 124 -34 38 -140 32 -25 -2 -91 59 19 25 34 58 55 -6 -44 -30 -133 -21 51 -39 44 -40 -82 100 -101 73 7 -146 -19 0 -8 -22 -132 9 47 -11 10 70 6 -41 -3 57 52 57 -179 -21 -67 -170 152 155 72 -70 0 117 25 108 40 -55 127 182 -71 -52 43 -58 -100 32 14 75 28 -10 161 -26 25 -38 46 -190
-12 -18 -65 107 78 108 239 -93 44 100 -159 223 -15 -62 51 -60 77 18 -27 18 83 -106 127 -70 -37 139 -1 -114 -35 -100 77 15 -75 -84 -155 144 77 220 199 -154 119 47 -13 -58 -58 55 -17 99 -31 119 75 105 92 -105 217 27 -222 -254 -236 199 77 -67 5 52 -177 -151 -47 107 -44 -100 21 -68 20 122 -157 -65 -206 -149 -44 -15 -212 88 23 -2 103 124 77 70 -19 24 -57 -215 186 119 158 -33 -153 121 -11 122 -19 -88 -16 -139 -62 34 -110 -84 27 -169 23 100 40 -74 -56 129 -197 40 -181 136 -33 -44 151 104 -65 -92 36 -16 -2 -39 137 -35 -6 240 -53 56 104 71 -144 42 -61 68 103 21 109 106 -86 -204 -135 -129
-60 -114 80 22 -24 -26 -93 450 80 -23 158 82 208 66 -106 126 -133 123 -2 -21 -251 109 61 43 -20 -216 -137 78 -65 -338 68 -47 49 176 -191 40 -47 -7 -212 -20 -70 90 67 3 -11 -49 13 24 32 -139 -26 -163 33 283 -58 -90 -80 -40 17 -6 23 -123 -43 -59 93 97 72 14 -2 173 12 -172 156 14 139 -27 -26 238 30 -297 304 -12 -227 181 31 94 -137 -132 76 219 172 78 65 -3 -9 -125 145 125 86 -36 78 140 10 -73 -147 -147 72 248 51 81 175 -167 -1 44 13 173 75 -176 65 72 -74 -93 -78 -70 51 188 -11 -9 -141 -42 -183 148 115 -58 140 -9 140 55 387 54 -4 105 -282 -173 -36 6 96 58 210 70
-48 -104 35 -22 -14 -1 44 80 450 100 162 74 53 214 -25 -104 121 96 46 -23 -72 238 -63 -94 150 -53 -175 55 115 -129 150 -20 19 238 -50 174 267 8 -46 98 201 -195 305 -256 122 55 238 -223 -49 29 104 -51 -60 -41 72 28 -156 -42 28 178 180 -135 63 57 -142 -183 218 -45 2 104 -123 28 -21 34 38 -62 -94 111 -182 -146 -55 0 -91 207 -104 17 -100 -68 11 173 161 214 25 163 35 52 16 166 60 -108 -36 -213 -30 64 -109 -204 197 -45 185 -34 102 -139 102 23 81 -2 26 -156 49 40 -100 -156 98 -113 207 53 66 -41 248 111 -30 -132 -86 48 230 67 37 -76 -42 299 -77 -29 34 26 105 -64 88 -48 -127 167
-24 -60 -47 99 18 127 100 -23 100 216 -80 79 -3 -60 55 -38 97 15 109 -194 -118 -22 19 42 -25 127 -20 -2 -4 -47 86 -48 -47 127 -53 74 -54 208 -8 -166 97 34 46 17 166 -28 150 -16 -23 199 34 -20 43 -206 94 79 -275 -148 -108 256 -28 -110 -139 175 -75 -5 44 4 143 -43 -76 -17 -57 180 -60 41 -181 55 -17 -63 -43 48 98 113 -70 61 -70 -90 -33 -63 -194 25 123 -32 13 -84 39 103 -90 39 -43 -141 -33 -51 9 14 -52 -108 108 12 82 -29 14 1 -18 50 39 144 -183 2 -53 -114 120 -29 192 -77 12 47 12 168 16 -79 1 110 60 87 116 -24 -54 65 66 44 68 4 97 -44 -129 -14 -23 -82
-60 -34 116 -94 40 -181 -159 158 162 -80 528 -104 179 310 -92 46 -12 201 -33 48 -145 109 -180 2 198 -206 -124 265 -21 3 238 33 3 213 138 94 34 -302 -332 199 -84 -241 182 -216 3 56 69 -173 55 -116 -61 -88 -61 232 -180 -93 10 -51 156 -132 161 -45 169 -24 191 -114 161 -275 68 187 -19 166 51 -228 79 -192 41 88 85 -125 289 -86 77 -42 -171 11 -204 24 -32 -46 175 213 -86 136 -201 214 52 21 -92 -5 121 149 -94 -2 -10 51 163 -126 83 186 16 -206 168 124 -53 -55 70 -179 145 82 -37 99 -183 -4 9 88 60 -250 30 16 -320 -146 -184 -195 194 31 -171 -59 276 15 73 -114 -9 122 -194 -120 -71 -11 -168 311
-54 -101 -46 118 123 57 223 82 74 79 -104 585 125 -127 173 163 84 12 -127 133 160 165 141 -198 68 -50 67 -165 -19 -323 230 19 -116 26 -160 185 98 122 229 -214 37 47 -36 -249 -181 40 64 17 -134 -14 -31 5 20 29 441 6 -172 -381 -228 34 123 -158 -113 1 -186 -63 14 53 104 -184 -22 -152 54 16 -218 37 -191 -164 -97 -9 30 133 -25 140 221 136 164 78 -32 152 -21 -208 241 220 -10 -112 -91 206 284 -67 77 167 -173 -375 -69 100 66 24 158 -93 81 200 122 100 -11 262 -508 -90 -123 393 -216 -29 28 34 50 -178 -37 158 -258 -90 118 44 82 171 -55 81 160 214 228 -31 -51 -21 -187 -123 103 173 -140 -281 -119 -163
-54 -21 109 -8 23 -87 -15 208 53 -3 179 125 321 164 -93 170 -172 108 112 18 -109 55 -54 71 8 -26 66 154 144 -207 -11 55 -6 114 -159 124 -11 -26 -161 -29 8 -40 120 -246 0 88 -7 -30 -31 -124 -84 -109 -40 184 -44 126 -47 -107 -179 10 123 -205 111 -99 -71 -167 49 -116 -50 56 -80 -56 72 16 107 -204 -9 62 78 -168 267 50 36 56 21 55 -231 -51 -78 190 30 -27 235 64 55 -63 180 65 110 -46 18 172 95 -94 17 17 23 -60 71 98 67 -79 19 120 22 75 -11 -63 -71 71 -108 -2 -190 -113 147 97 71 -174 -221 -106 -192 145 -1 33 5 142 99 147 247 6 182 -114 -102 -149 -89 -76 -96 -175 -48 81
-36 42 117 -87 11 -121 -62 66 214 -60 310 -127 164 528 -53 -29 56 247 178 87 -146 104 -11 -25 130 -29 3 383 62 -82 52 113 163 213 -84 -41 163 -62 -188 213 50 -177 266 -176 -109 64 211 -149 158 -233 79 -128 -75 253 -165 -29 48 117 10 -72 66 -17 204 -90 -75 -350 194 -158 -49 140 32 141 -58 -84 90 -240 -5 39 -109 -1 253 -90 -102 145 -121 61 -226 -93 115 177 169 257 93 -29 119 53 -74 109 1 -29 -98 -15 69 167 80 -53 33 -110 -29 116 48 -37 188 89 -10 -25 181 -65 -42 -96 232 -160 -58 -120 109 210 125 -222 149 4 -302 -38 -222 -7 214 -8 -134 86 36 97 111 -79 0 -7 -175 -257 94 63 -254 313
30 -39 -100 -5 39 0 51 -106 -25 55 -92 173 -93 -53 533 48 201 88 -120 79 83 218 56 -202 25 -229 85 87 -72 -67 190 85 -8 99 23 -20 -41 114 126 -145 -40 21 163 214 -28 -239 279 205 -234 120 151 157 201 -94 94 -41 -14 -127 103 1 -50 -3 -222 71 188 51 37 259 256 33 146 -27 72 -78 -232 218 -143 -343 -137 87 47 -125 -24 348 -143 -216 358 -144 124 -97 56 86 -142 66 -178 -84 -136 -24 110 -3 -231 140 -119 -134 113 106 -75 -134 31 149 -35 269 288 -201 -252 -11 -193 183 -3 170 122 -32 108 -107 157 -41 -356 269 112 -2 -18 132 -124 -184 79 45 59 -141 165 -71 38 31 -93 64 -116 -39 -25 270 -73 71
-18 -15 29 11 33 -62 -60 126 -104 -38 46 163 170 -29 48 254 -91 -56 -30 31 -4 96 52 24 3 -82 94 31 67 -108 -72 65 -66 37 -44 -29 -96 -72 -67 20 -134 54 -55 -96 -44 -18 1 -27 -83 -148 -135 -91 -88 119 -3 19 128 -8 -31 -186 -17 -77 -23 -56 51 39 -62 -9 35 -63 -87 -44 4 -26 96 13 108 -55 68 61 294 -69 40 30 10 2 -13 -78 -27 43 7 -31 -14 32 -91 -64 144 44 183 -48 57 283 -38 -158 68 42 87 11 18 116 15 19 -1 88 37 52 -106 -25 86 114 -143 28 -149 -49 152 16 40 49 -344 -46 -122 177 55 -77 -6 81 -29 97 328 -144 135 -73 -269 -109 -98 -31 -30 -115 35 26
18 -33 -115 53 60 70 77 -133 121 97 -12 84 -172 56 201 -91 514 -107 87 35 89 142 55 -55 135 -28 -97 -25 -197 206 109 11 -50 -37 28 -33 0 91 -67 -57 -81 -59 -68 152 -97 95 179 -102 20 25 154 150 172 -109 108 -245 -104 -206 148 108 -116 -33 -86 107 169 44 126 62 206 -173 -131 252 24 -92 -168 187 -168 -77 -190 272 39 -73 -222 163 24 183 326 -96 342 -86 23 69 -120 -84 3 154 -138 278 -117 93 54 -320 -352 -25 49 59 24 14 23 -8 243 171 278 -36 -10 56 3 165 -96 88 174 -257 128 118 134 72 -5 200 220 271 77 -180 -233 33 163 85 -81 -61 -31 53 -164 109 -30 9 69 -53 46 125 -149 71
-42 -11 71 -18 -10 2 18 123 96 15 201 12 108 247 88 -56 -107 548 35 99 -64 61 63 -180 86 -56 107 291 1 -338 375 -112 347 207 92 -18 88 28 36 40 106 -95 224 -66 -64 -207 121 5 101 -66 20 -135 -40 79 -58 211 -308 -69 -116 72 123 98 -63 106 -129 -93 157 40 103 409 344 -144 -45 -81 -198 -285 -159 -8 -18 -360 161 34 24 158 -66 31 -219 36 -167 19 49 205 219 9 -100 -14 -174 -115 -61 51 -180 131 239 76 -4 59 -146 -125 190 132 -185 66 200 -80 -182 46 -97 -52 -148 -26 27 -31 -75 -60 -94 17 -153 -89 67 -35 -321 -10 -106 -115 -14 -20 101 -53 60 -38 76 88 72 83 -216 -220 -61 133 -217 39
6 61 58 -2 -90 58 -27 -2 46 109 -33 -127 112 178 -120 -30 87 35 528 -93 -121 89 -10 100 -10 251 205 157 113 104 -219 -61 159 -43 -25 -122 -93 135 -261 -131 107 5 -10 -6 101 133 77 -161 161 -98 -104 -155 31 -94 -133 251 -150 48 -90 285 -133 -142 -19 -31 -149 -30 105 -25 95 15 -128 148 -90 55 96 -114 -29 288 3 -8 232 161 -106 86 46 137 -195 -56 85 141 -170 145 234 -365 233 -4 248 60 -107 -100 -25 -288 57 264 217 11 -176 55 42 110 128 102 -10 85 78 45 276 252 -336 -318 83 -292 -138 -92 239 226 16 34 13 269 -145 3 -83 117 -17 121 132 57 -97 142 125 -29 45 -209 33 -235 8 91 -30 -99
36 62 18 -104 9 -128 18 -21 -23 -194 48 133 18 87 79 31 35 99 -93 612 356 145 -24 -187 196 -39 157 64 91 -232 114 28 273 -343 149 -39 13 -332 106 146 -228 -187 -4 -143 -350 171 -406 -1 -133 -174 2 124 -16 -22 3 88 333 -74 4 -119 57 128 175 -227 127 84 351 8 -62 -104 109 142 120 -156 -209 -102 -93 -300 -91 169 108 -3 -275 -101 199 297 299 237 -31 87 198 -318 18 108 -117 -27 -200 -136 221 91 -57 98 91 98 -7 89 31 47 81 -77 2 184 58 22 -78 164 -390 -46 134 110 37 178 -114 113 -204 222 -88 -75 -22 -75 50 106 -172 -206 -33 167 149 78 -110 -109 -115 -46 -72 -148 -122 -131 69 -34 -136 36
54 77 -25 -69 -44 -7 83 -251 -72 -118 -145 160 -109 -146 83 -4 89 -64 -121 356 944 138 -22 63 234 -48 -69 -76 148 265 137 65 91 -521 426 70 187 -220 397 164 66 -11 -311 -232 -108 84 -373 -315 -245 -162 10 308 -292 -171 49 252 6 -111 -278 -267 255 99 223 49 -37 34 143 218 -95 -95 -224 -67 -79 -164 -240 -55 119 -272 -98 212 -14 -88 -32 -134 377 153 306 217 -76 -41 142 -226 138 201 0 239 -229 -109 -34 48 -54 -190 156 -37 49 -30 104 -242 357 -141 -259 391 176 -63 279 -327 -267 54 -111 252 -160 -78 -58 115 25 -108 107 85 86 -268 127 164 17 -121 -494 224 100 -27 -288 -357 -93 -89 102 -95 132 -114 197 -159 -41 -121
-18 -71 50 -98 -75 -62 -106 109 238 -22 109 165 55 104 218 96 142 61 89 145 138 808 143 -257 171 -323 -55 21 85 5 46 25 53 170 195 -29 174 -188 -128 66 55 65 117 -153 -87 -165 247 -131 -63 -55 -261 -71 -73 109 153 188 -70 234 60 82 -15 -202 -122 -112 121 117 244 54 98 82 -164 4 91 -187 68 201 201 100 -136 -80 355 93 -189 290 -4 -157 80 -79 206 228 249 252 -243 78 -130 124 20 195 133 -425 -71 97 -158 61 11 -36 76 -12 310 24 9 277 139 -50 33 -29 -72 84 -148 118 -9 -266 -109 -199 244 51 -158 333 76 106 -217 220 -19 -99 97 -49 -20 -78 202 141 34 -318 -283 3 -148 34 184 288 -140 -22
-18 -7 -43 132 25 171 127 61 -63 19 -180 141 -54 -11 56 52 55 63 -10 -24 -22 143 743 -81 -45 33 -63 -15 -79 -121 -111 48 -45 -141 -70 -162 -24 250 14 26 83 311 -164 180 -153 -237 55 85 179 -53 -267 -124 -162 155 165 -74 -258 183 -163 125 -165 57 -35 -33 -118 29 -168 500 -2 54 122 -301 -60 -27 183 63 143 -21 66 -106 239 -107 -98 -35 -67 135 11 8 196 -20 91 -81 -101 52 329 100 -265 273 -60 25 91 253 -67 42 -85 -196 -334 -16 24 -119 -10 157 51 -173 -38 271 -41 105 -281 76 31 -339 373 185 39 49 77 289 -208 -46 -207 168 51 225 128 -280 -93 15 9 27 -89 103 -359 48 -55 163 285 -94 -77 -245
0 16 31 24 -39 16 -70 43 -94 42 2 -198 71 -25 -202 24 -55 -180 100 -187 63 -257 -81 757 -67 50 -212 83 133 260 -147 -46 -162 -155 42 208 -124 -35 11 131 32 105 -76 334 57 -36 -278 -51 -35 159 -15 249 -8 139 -154 -264 -51 -6 -201 -9 76 42 191 19 27 -102 101 102 -127 -96 -186 -88 99 55 402 36 154 119 110 -29 -17 -226 -16 -274 -34 -55 -21 -284 -150 106 -127 -146 188 -134 315 25 21 60 -209 240 -101 23 156 136 -200 -166 12 -216 69 193 128 -320 -97 150 275 -11 341 226 -210 -20 106 -91 194 -153 452 178 162 -145 222 -196 -128 83 -95 101 -28 214 86 296 -254 74 142 -44 -51 -260 169 -102 47 -31 336 -53
-30 -1 75 -82 -53 -24 -37 -20 150 -25 198 68 8 130 25 3 135 86 -10 196 234 171 -45 -67 745 -83 15 174 117 33 111 83 -55 -294 321 17 194 -183 -182 -110 -85 -263 -26 -320 23 72 -189 -327 -17 -142 -36 -20 -158 58 1 32 73 -199 254 -181 202 126 170 7 14 -194 501 -81 68 -229 27 50 65 -238 -108 -45 -116 -29 -60 164 358 -2 208 40 1 27 103 191 -121 -125 78 151 -89 -55 -201 470 -321 40 13 40 228 29 -258 26 120 17 298 -267 101 127 -39 215 292 461 8 -54 -196 -323 -66 294 -303 -202 3 196 259 -27 10 -149 -240 -66 -190 -43 54 34 -169 49 -148 -114 -23 -249 194 -236 29 -349 167 -43 208 60 -78 -1
18 95 -28 93 2 140 139 -216 -53 127 -206 -50 -26 -29 -229 -82 -28 -56 251 -39 -48 -323 33 50 -83 954 109 -75 52 -240 -172 97 226 -105 -158 -39 -302 -102 97 -181 37 -181 11 124 -19 276 -70 -247 207 231 100 37 -265 -398 -51 442 -6 -169 -179 127 100 162 85 89 -265 -108 -81 -379 115 -149 -112 128 -160 522 -2 -361 -13 161 100 103 -224 -90 96 -413 -65 168 -229 353 -106 -14 -353 -184 126 -118 76 -92 275 39 -138 148 96 0 148 45 360 -172 -217 168 61 -256 81 72 -160 290 -27 421 -191 293 28 -402 -159 -102 12 35 -54 41 146 -255 -280 33 9 -77 37 372 60 -49 107 157 -438 -15 5 -152 84 189 83 -253 -199 -244 -344 -90
42 107 -4 -38 24 -70 -1 -137 -175 -20 -124 67 66 3 85 94 -97 107 205 157 -69 -55 -63 -212 15 109 904 -143 423 -69 -167 -143 390 98 46 -367 94 171 -32 -66 -94 -261 -63 -142 46 188 72 22 74 -92 -29 -15 87 -20 81 152 208 25 -2 -14 -167 155 -175 -174 -178 23 -33 -17 55 48 272 72 -200 -57 -278 -33 10 -163 102 5 124 294 247 86 70 111 -118 -26 -157 -89 -236 -39 198 -433 103 -77 21 -284 342 -108 34 119 110 112 132 387 10 -39 -154 47 -145 7 -60 1 54 32 -178 -62 -110 -323 -12 256 -148 -108 -110 -87 -107 71 -475 150 96 30 -297 -152 -153 241 -13 47 -69 -21 88 139 -20 -328 -400 60 -221 -128 -106 -85
-42 45 148 -87 -93 -28 -114 78 55 -2 265 -165 154 383 87 31 -25 291 157 64 -76 21 -15 83 174 -75 -143 1150 -53 -84 267 230 82 -83 134 188 -203 -167 -87 -106 -61 40 43 -18 179 6 151 28 -10 -239 84 -513 -349 -108 -190 106 279 427 269 125 -208 -213 113 -178 -154 -168 406 -18 335 134 -38 81 -48 -118 189 -247 -400 121 -125 178 496 -344 126 175 -295 -67 -178 245 -250 -93 0 234 296 -15 -68 -304 -284 -113 71 -170 -48 93 150 37 442 119 -183 -370 233 675 95 46 307 171 -152 -206 510 -5 -132 -165 156 -22 52 200 250 388 -82 -34 168 167 -432 -67 215 -157 115 -261 421 -211 318 -82 460 -65 -86 -8 30 -526 -26 201 33 248
36 46 36 -100 -22 -142 -35 -65 115 -4 -21 -19 144 62 -72 67 -197 1 113 91 148 85 -79 133 117 52 423 -53 1036 -77 -181 -93 317 14 35 -256 240 114 9 416 -105 -319 -91 -199 139 235 36 6 -76 200 7 47 -362 -73 -222 385 51 265 -111 67 230 -89 262 -132 -104 -176 59 13 -229 97 -187 -99 -13 -248 53 -160 220 114 -108 -264 204 -143 188 86 -43 -8 -363 -54 -137 -116 -75 10 332 -112 257 246 -58 -205 356 -64 -126 109 425 126 -78 -22 75 -351 302 -103 -18 -244 -121 96 400 -224 31 -43 4 -29 -150 -17 -196 -307 221 133 209 15 -350 -134 1 333 -129 -104 -205 236 221 3 -222 -42 -49 49 -37 -232 -268 122 10 -206 -257 39
60 106 -29 -71 -52 -15 -100 -338 -129 -47 3 -323 -207 -82 -67 -108 206 -338 104 -232 265 5 -121 260 33 -240 -69 -84 -77 1256 -309 -8 -388 -221 326 -110 175 28 38 206 7 87 -416 114 302 49 -114 -73 -28 -91 -169 180 88 -72 27 -124 46 153 173 -11 -322 -253 71 -28 29 -150 -193 196 -270 -194 -203 150 18 -186 219 143 303 111 132 364 -21 280 185 -178 128 -143 228 -240 -28 -335 -84 199 -333 -193 66 510 -218 -63 -392 -102 62 -376 -484 85 -19 206 191 -327 -206 214 -23 -51 -77 -75 287 -597 464 25 -226 -135 172 -45 -58 -37 49 -120 205 -19 231 145 -20 -357 -136 76 -167 116 -294 -266 -93 44 239 -57 164 83 -20 86 83 152 323 77
-60 -106 -20 31 93 4 77 68 150 86 238 230 -11 52 190 -72 109 375 -219 114 137 46 -111 -147 111 -172 -167 267 -181 -309 1224 -120 220 194 310 211 -13 7 308 2 18 -225 110 -103 -82 -40 269 -50 -240 190 261 -101 169 57 166 45 -269 -194 -144 -342 235 -20 -42 261 64 40 186 -247 357 4 40 107 -105 -4 -560 -76 -265 287 25 -185 189 26 108 105 278 230 -22 211 -92 -257 -107 32 387 202 -110 -147 -75 22 108 160 -318 31 -132 -253 72 3 58 19 513 118 -103 -120 75 140 -170 182 -377 -21 -33 343 53 90 135 -32 -141 -18 -349 -185 342 -69 -221 -163 38 -217 125 -108 402 153 160 -36 -16 57 278 241 -86 -192 28 -25 38 153
-30 7 38 -31 75 -100 15 -47 -20 -48 33 19 55 113 85 65 11 -112 -61 28 65 25 48 -46 83 97 -143 230 -93 -8 -120 880 -92 -68 -39 -69 58 -259 -235 -386 134 263 -212 -72 158 378 199 13 -64 200 82 266 -166 218 -240 10 236 -130 43 -91 278 89 383 -247 263 -531 -50 -187 63 7 -122 186 -126 342 41 -146 -86 1 -10 344 17 -235 277 206 -456 -77 -10 337 125 235 514 20 -72 310 184 -186 -104 -120 -48 -309 279 169 -204 -219 281 -86 156 -216 -282 -266 -96 179 160 89 -52 -17 -29 117 -51 137 78 -42 332 -117 -53 73 248 -127 -215 -239 -115 208 -7 70 353 -61 51 -19 156 -136 94 -99 -410 257 -117 195 -150 57 -37 197
42 67 27 -75 -83 -24 -75 49 19 -47 3 -116 -6 163 -8 -66 -50 347 159 273 91 53 -45 -162 -55 226 390 82 317 -388 220 -92 1082 307 -45 -407 14 89 -23 50 -250 -496 -36 121 -66 287 77 -85 -8 70 396 -62 -110 114 -132 404 17 58 32 -105 -102 317 57 75 -21 110 -44 -247 104 535 75 101 -85 115 -348 -270 2 33 -164 -100 117 -22 -70 315 -4 287 -174 -34 -9 46 235 50 104 -218 -23 -257 -3 -348 205 57 -20 -156 371 135 -4 68 -2 48 197 -172 -37 -103 -43 -174 283 -77 54 116 104 -410 171 -60 -215 -132 -140 213 9 -61 -149 39 -149 132 -278 -322 -41 201 273 -104 -78 -176 -89 308 -189 43 -673 -327 39 -104 -243 161
-60 -122 -2 29 107 -82 -84 176 238 127 213 26 114 213 99 37 -37 207 -43 -343 -521 170 -141 -155 -294 -105 98 -83 14 -221 194 -68 307 1527 -433 43 408 178 -50 -38 -158 -269 312 -218 87 -27 917 -3 -11 269 419 -8 -107 305 402 -64 -12 -49 86 85 -319 52 -277 254 -148 -254 -206 -723 246 445 -213 40 -239 370 31 -42 189 13 157 -411 -145 43 133 292 -97 -272 -461 -584 205 59 -36 483 -169 -169 -95 -412 274 284 124 -198 -45 232 -162 -301 -360 113 447 13 187 -70 409 -143 55 -385 283 -56 177 0 259 -271 130 99 -73 -408 148 -214 179 -74 -44 -10 -264 -367 -289 -211 395 24 -123 -151 299 15 113 0 -223 196 -623 -138 -145 101 -300 439
30 49 11 -102 -85 -27 -155 -191 -50 -53 138 -160 -159 -84 23 -44 28 92 -25 149 426 195 -70 42 321 -158 46 134 35 326 310 -39 -45 -433 1253 -76 -38 -633 -24 195 200 216 -268 -225 43 -288 -198 -452 -43 -61 -601 -10 -394 -258 -236 88 -205 224 30 -121 160 375 -72 288 209 182 388 118 41 122 161 205 -505 -181 -71 -13 144 227 227 -84 222 132 306 -202 118 170 49 404 -374 -159 -108 303 89 90 -97 342 -54 -249 -41 -88 -161 -50 123 326 -35 -23 -1 -90 195 141 -296 39 75 56 -14 -56 -251 103 -218 193 -179 179 164 23 214 -95 -72 168 269 98 -152 52 -32 -358 -11 -41 -21 -169 -204 147 -42 -93 46 194 171 -228 -10 279 130 -85
-60 -90 39 47 -4 66 144 40 174 74 94 185 124 -41 -20 -29 -33 -18 -122 -39 70 -29 -162 208 17 -39 -367 188 -256 -110 211 -69 -407 43 -76 1130 133 -70 222 -390 201 29 510 -117 46 27 -61 -83 -282 143 153 260 237 44 365 -143 -41 -205 -86 207 25 -143 49 -107 -331 -58 297 -3 24 -199 -214 -81 274 104 16 -116 -341 -318 63 -216 -429 -196 47 -89 38 -155 195 -53 -163 250 -127 -181 120 331 -37 -138 -32 563 -6 89 -21 173 2 -227 -72 -23 44 -57 299 142 146 -36 413 -138 -185 101 126 -97 -165 123 -322 250 349 208 353 38 -153 -73 556 -122 20 -94 142 168 -129 -6 124 96 -292 257 137 -260 292 -132 483 -11 -33 -319 2 -75
-18 -31 12 -35 38 -55 77 -47 267 -54 34 98 -11 163 -41 -96 0 88 -93 13 187 174 -24 -124 194 -302 94 -203 240 175 -13 58 14 408 -38 133 1312 135 184 9 152 -78 -194 -624 -99 209 277 -1 24 -108 138 452 134 633 155 -24 50 57 44 80 128 329 283 -31 -639 -509 91 21 -385 92 -126 141 -200 -301 -1 -142 52 -72 117 -40 -392 -21 117 136 51 -132 -147 -282 -196 252 334 263 74 -119 234 -68 -332 140 115 -114 -235 -213 -194 -10 -240 67 657 -100 36 -347 -317 75 85 -291 390 -370 136 -425 -114 289 -404 -111 97 -122 -44 -172 413 149 281 -169 88 -357 -151 -15 -222 261 -288 -103 -125 3 -57 -105 93 -243 -95 312 137 -29 -168 -149
-6 -29 -80 152 28 199 220 -7 8 208 -302 122 -26 -62 114 -72 91 28 135 -332 -220 -188 250 -35 -183 -102 171 -167 114 28 7 -259 89 178 -633 -70 135 1248 115 -207 15 -134 50 126 294 90 319 355 -128 83 237 -117 545 236 164 37 -394 -228 -152 21 -283 -165 -123 66 -348 -64 -443 415 -40 3 -2 -235 95 -62 -230 109 -254 -146 -308 -125 7 70 3 549 120 150 -4 -608 219 -187 -211 -112 153 -227 268 -59 -240 101 67 207 22 -304 -169 -198 -117 128 -142 -159 -58 57 29 -184 -61 -225 97 -179 324 -18 -284 46 144 -216 73 -40 259 -28 -92 132 44 -3 158 25 77 188 -398 56 56 231 -24 -117 90 499 201 -252 -15 229 200 -355 174 -269
36 22 -98 57 27 102 199 -212 -46 -8 -332 229 -161 -188 126 -67 -67 36 -261 106 397 -128 14 11 -182 97 -32 -87 9 38 308 -235 -23 -50 -24 222 184 115 1545 272 6 245 -25 31 187 -27 229 13 -289 40 169 -13 -145 -280 135 81 30 -4 -263 -104 171 -129 -440 3 -492 -310 15 175 -307 -198 42 28 103 50 100 -244 -231 -146 3 -39 -321 65 -78 -236 195 -156 41 -173 -474 110 -334 -170 280 -155 141 -336 -385 -43 208 250 -480 46 183 -341 -249 284 122 -47 268 14 -314 178 -338 164 156 66 -346 8 219 111 302 368 -113 -345 -217 -36 -144 -272 295 -68 315 -67 190 171 -190 -173 -111 399 -280 134 132 46 -59 204 129 -21 25 -201 -13 -202
36 38 -4 -87 48 -180 -154 -20 98 -166 199 -214 -29 213 -145 20 -57 40 -131 146 164 66 26 131 -110 -181 -66 -106 416 206 2 -386 50 -38 195 -390 9 -207 272 1572 43 132 146 91 -227 -498 -105 -362 192 -152 -119 -124 -285 -271 -216 -42 -78 447 -160 -443 267 -133 54 109 171 108 -2 159 -488 74 -118 0 -155 -123 180 5 443 -20 -263 -13 109 -296 -455 -325 214 119 -197 -128 84 -259 -24 189 -221 4 -284 320 -145 11 -21 174 -426 183 258 124 -59 -305 143 -157 100 115 -181 -435 -311 66 104 -321 -207 19 270 -171 105 -2 -295 -223 -63 176 282 -121 -58 228 -239 -83 -161 -233 2 -29 -149 200 -64 56 -176 199 273 210 -116 -99 330 160 -47 220
-60 -42 62 19 -42 95 119 -70 201 97 -84 37 8 50 -40 -134 -81 106 107 -228 66 55 83 32 -85 37 -94 -61 -105 7 18 134 -250 -158 200 201 152 15 6 43 1260 420 274 -100 59 -336 190 -328 148 -72 -173 -64 205 37 175 -57 -561 -43 -494 -2 631 125 82 -127 -477 -261 21 391 -1 307 61 -212 -211 172 -13 12 29 155 -327 -168 -502 176 172 -93 -212 -414 -104 309 -23 195 218 29 100 59 244 -138 58 -123 -384 -338 -337 -190 230 244 309 -335 -27 -275 -185 -50 -547 -3 24 41 -99 -88 -214 -34 -600 -161 -154 -56 484 38 98 -176 -233 156 262 -4 52 -14 147 341 54 -218 77 130 -105 509 8 15 135 49 459 52 112 201 34 -220
-36 -54 -34 137 43 117 47 90 -195 34 -241 47 -40 -177 21 54 -59 -95 5 -187 -11 65 311 105 -263 -181 -261 40 -319 87 -225 263 -496 -269 216 29 -78 -134 245 132 420 1636 -328 128 30 -698 235 -32 314 293 -411 -215 -146 -127 -46 -385 -504 260 -211 453 204 -51 -444 79 210 -25 76 126 -255 -29 66 -12 -28 277 210 174 -364 36 -45 -41 -97 -84 -83 65 -80 -24 -179 443 180 378 51 289 244 144 27 -339 -204 308 -278 -325 -98 369 -92 -307 -90 31 -103 -285 -327 -87 -268 447 -12 -241 -160 -101 -187 581 -537 334 278 -10 329 -31 -11 -39 305 261 -48 257 -160 142 376 113 193 -451 33 153 -27 141 -199 118 -141 206 389 464 -61 414 247 -501
-36 -54 85 -89 -62 -51 -13 67 305 46 182 -36 120 266 163 -55 -68 224 -10 -4 -311 117 -164 -76 -26 11 -63 43 -91 -416 110 -212 -36 312 -268 510 -194 50 -25 146 274 -328 1471 102 32 -276 -29 -267 -199 65 299 126 275 -5 191 -110 -137 -226 111 -87 97 -60 -121 52 -36 127 193 178 82 -32 370 -236 170 195 -159 -33 -46 -456 -61 -312 -272 8 -273 208 -207 -366 189 -384 359 217 -137 206 -190 387 -249 82 278 108 50 118 -365 307 204 172 2 -294 -202 228 -110 95 -99 -256 278 48 -515 242 -121 -172 271 -213 71 10 176 -208 329 93 -423 -218 391 -273 -116 7 -331 -143 192 -61 -306 125 -374 414 27 -231 451 10 88 -74 210 14 -54 130
60 -6 -120 61 -40 114 -58 3 -256 17 -216 -249 -246 -176 214 -96 152 -66 -6 -143 -232 -153 180 334 -320 124 -142 -18 -199 114 -103 -72 121 -218 -225 -117 -624 126 31 91 -100 128 102 1812 -109 -391 -79 265 170 571 82 380 451 -129 -19 -85 -38 -56 228 -155 -199 -64 -139 -64 573 409 -183 466 297 -39 117 -324 463 164 149 344 95 -60 -254 101 -116 -270 -525 172 -162 -319 815 -190 143 162 -46 137 -395 -312 75 43 -460 -118 -217 244 -74 436 -7 36 96 -135 -725 284 -231 119 306 -325 114 -50 -284 257 306 526 -123 -495 436 -240 293 -182 -61 397 -451 179 142 180 -299 352 -68 453 229 -248 307 259 -71 235 -8 282 -127 189 5 182 47 388 267 82
-36 -70 47 -15 -88 49 -58 -11 122 166 3 -181 0 -109 -28 -44 -97 -64 101 -350 -108 -87 -153 57 23 -19 46 179 139 302 -82 158 -66 87 43 46 -99 294 187 -227 59 30 32 -109 1677 200 496 -462 -335 329 91 -39 -171 -453 -437 207 117 -39 219 29 236 -396 -410 -145 121 -88 49 126 330 203 -34 231 -85 323 177 -127 -480 54 31 -117 262 49 270 421 -594 -69 -142 -287 -452 -381 -154 216 152 -90 130 -165 12 -423 155 1 421 -224 -153 -276 91 243 89 -345 -92 267 -40 -215 -63 24 70 -429 697 92 251 -152 -205 342 75 137 130 -146 106 -316 -28 166 79 196 208 -348 -40 111 -60 -247 -77 83 246 118 -241 236 -55 225 -88 -463 308 -33
12 50 15 -33 65 -108 55 -49 55 -28 56 40 88 64 -239 -18 95 -207 133 171 84 -165 -237 -36 72 276 188 6 235 49 -40 378 287 -27 -288 27 209 90 -27 -498 -336 -698 -276 -391 200 1781 -232 253 -321 -183 354 353 -86 324 -301 378 369 -288 -62 -207 -107 -55 587 -352 -143 -328 -106 -188 115 -123 -553 412 -93 -233 71 -364 -75 132 225 235 21 13 51 36 -113 382 -103 -179 100 31 219 -480 99 -225 460 -89 39 -238 106 170 430 -556 124 21 81 350 321 376 45 -586 221 -265 -260 264 305 232 211 -431 175 -298 118 312 -333 60 -350 499 130 -290 -209 -148 647 -61 -479 16 62 232 30 7 -181 -122 251 164 -404 -200 -211 174 -321 -498 -161 160
-36 -110 -62 48 107 -23 -17 13 238 150 69 64 -7 211 279 1 179 121 77 -406 -373 247 55 -278 -189 -70 72 151 36 -114 269 199 77 917 -198 -61 277 319 229 -105 190 235 -29 -79 496 -232 1869 -203 -38 231 120 -274 -5 123 19 -145 -97 101 281 88 -34 -171 -567 -46 -104 -476 -196 -470 335 566 -228 335 -276 45 -149 -58 65 319 -263 -291 235 -386 215 548 -439 -217 -472 -115 150 36 34 687 23 -306 131 -270 269 506 195 -454 -143 259 -300 -531 147 46 92 -190 171 353 -78 284 335 -212 106 -66 62 301 121 -98 177 -85 67 -472 269 -84 -173 242 249 355 -172 -16 354 -150 426 -318 56 -59 516 210 -244 16 -293 434 -53 -160 19 42 -429 127
48 8 -102 48 85 -19 99 24 -223 -16 -173 17 -30 -149 205 -27 -102 5 -161 -1 -315 -131 85 -51 -327 -247 22 28 6 -73 -50 13 -85 -3 -452 -83 -1 355 13 -362 -328 -32 -267 265 -462 253 -203 1890 -317 -18 151 7 735 163 -47 -215 272 432 -302 272 -473 -18 97 64 -42 -17 -180 224 -291 184 215 -255 219 -337 230 406 185 -100 -16 60 -237 96 91 27 -56 -640 -206 -332 -52 -274 -73 -518 -210 -247 370 -69 93 -198 139 312 -234 -68 293 127 -89 85 -191 7 -78 304 54 93 -442 -283 -211 127 272 -70 65 -143 652 378 -215 37 -451 51 -461 183 141 -181 245 332 -117 177 60 12 557 -56 35 40 211 161 -29 -118 -343 210 -208 336 -1 -256
-54 35 60 49 30 52 -31 32 -49 -23 55 -134 -31 158 -234 -83 20 101 161 -133 -245 -63 179 -35 -17 207 74 -10 -76 -28 -240 -64 -8 -11 -43 -282 24 -128 -289 192 148 314 -199 170 -335 -321 -38 -317 1410 162 -365 -237 -396 89 -3 -203 -338 247 88 282 334 264 -96 -261 132 69 -65 -205 185 -89 71 -82 158 38 230 -233 -76 417 -135 -5 69 -54 292 -248 80 227 -278 649 202 325 -213 148 143 38 -55 42 -414 76 -345 -302 196 -25 4 -71 231 281 -328 51 -101 -253 -111 -44 117 -49 -72 74 207 -97 -444 -102 85 -347 -4 94 -274 -238 552 305 -350 266 87 -152 289 373 -58 -368 -539 327 -123 165 -195 -17 66 185 -63 370 -442 199 -81 -11
-24 -92 -95 83 105 46 119 -139 29 199 -116 -14 -124 -233 120 -148 25 -66 -98 -174 -162 -55 -53 159 -142 231 -92 -239 200 -91 190 200 70 269 -61 143 -108 83 40 -152 -72 293 65 571 329 -183 231 -18 162 1683 150 351 2 -240 36 -95 -365 -323 226 354 217 10 9 47 567 -72 -75 -398 244 -66 -251 174 229 589 -100 -78 -254 95 -152 28 -458 -159 302 240 -220 -150 271 337 -17 155 56 76 -11 331 -110 -261 -349 15 -107 54 -97 352 -288 -437 -295 163 -283 -307 -17 -609 267 -86 42 -137 -254 10 -42 770 -198 232 39 -80 481 -140 55 -10 259 -113 -16 124 -74 -105 43 115 223 16 197 195 -624 213 -275 141 128 612 -214 726 -356 -53 -89 -36
48 -16 -82 -7 11 -2 75 -26 104 34 -61 -31 -84 79 151 -135 154 20 -104 2 10 -261 -267 -15 -36 100 -29 84 7 -169 261 82 396 419 -601 153 138 237 169 -119 -173 -411 299 82 91 354 120 151 -365 150 1629 162 361 59 159 -191 223 80 128 -206 35 -134 256 10 -32 -116 -98 -329 -132 -162 0 93 312 375 -603 87 -353 -243 -58 84 -500 -189 -230 148 -232 -266 -217 -233 548 -438 334 -114 101 -101 -134 -355 240 358 37 248 -7 -319 82 -201 282 -324 563 -53 -111 -259 230 117 337 -33 -58 -338 189 -92 270 -284 93 18 247 185 -248 19 25 -457 -2 -146 -22 -222 -289 -220 46 174 273 -461 -117 -452 14 248 263 -236 -435 -81 313 22 -150 583
48 -16 -117 3 108 -78 105 -163 -51 -20 -88 5 -109 -128 157 -91 150 -135 -155 124 308 -71 -124 249 -20 37 -15 -513 47 180 -101 266 -62 -8 -10 260 452 -117 -13 -124 -64 -215 126 380 -39 353 -274 7 -237 351 162 1957 430 87 -190 105 221 -440 -242 56 387 89 220 11 182 -241 4 272 -239 -28 167 156 118 174 -242 0 -113 -392 128 -219 -545 -315 -271 8 -44 -68 575 -625 -22 239 104 -343 -209 39 305 369 -487 167 151 299 -36 35 -295 -83 -27 85 33 46 -21 -486 118 -182 211 -186 -152 171 22 224 -298 197 -267 -107 389 -357 -357 -14 86 67 424 -553 164 335 -679 58 -263 330 -167 85 -525 80 -339 -233 142 10 -190 562 -209 58 -212 -181
30 -47 -98 50 58 10 92 33 -60 43 -61 20 -40 -75 201 -88 172 -40 31 -16 -292 -73 -162 -8 -158 -265 87 -349 -362 88 169 -166 -110 -107 -394 237 134 545 -145 -285 205 -146 275 451 -171 -86 -5 735 -396 2 361 430 2347 293 -24 -503 33 -530 -55 -403 -76 41 -158 -94 146 166 39 197 -488 -431 162 358 306 61 -190 453 -344 -15 -11 240 -556 214 -204 141 137 -251 400 -656 40 -198 127 -337 -420 -729 -101 62 248 -6 -173 521 -327 -400 -351 94 251 28 266 126 -348 292 -260 -257 -237 -123 -466 -100 -40 70 -29 -15 110 118 333 -107 -144 439 -665 -57 425 128 -292 147 -77 147 -9 126 105 525 142 449 132 225 434 -51 -7 250 361 108 190 -281
-54 -5 119 -50 39 -141 -105 283 -41 -206 232 29 184 253 -94 119 -109 79 -94 -22 -171 109 155 139 58 -398 -20 -108 -73 -72 57 218 114 305 -258 44 633 236 -280 -271 37 -127 -5 -129 -453 324 123 163 89 -240 59 87 293 2023 130 -487 -272 -154 -16 -471 57 441 450 -572 -73 -385 -97 -72 -169 187 289 -26 464 -424 -121 -107 448 -67 116 -358 339 -87 110 132 -260 9 -282 -292 481 573 745 -67 0 156 278 -234 1 196 -50 -134 59 194 -246 45 -412 -127 432 72 -383 -315 -398 -269 126 28 221 379 -6 -418 -141 384 -33 -18 -36 -412 315 -47 -167 1 214 -851 -77 101 -215 -164 -151 158 -297 503 237 -156 164 -360 -341 -341 -368 206 180 -150 241 -59
-54 -61 -35 107 56 149 217 -58 72 94 -180 441 -44 -165 94 -3 108 -58 -133 3 49 153 165 -154 1 -51 81 -190 -222 27 166 -240 -132 402 -236 365 155 164 135 -216 175 -46 191 -19 -437 -301 19 -47 -3 36 159 -190 -24 130 2032 -184 -292 -303 117 433 -616 -13 -112 -95 -497 -96 38 -287 47 -239 62 -371 87 208 -479 79 123 -270 -178 -133 -303 633 -23 -409 587 -285 235 276 387 -51 -581 -242 -187 86 -101 -175 -387 328 90 -332 -12 505 -335 -501 -123 193 148 -66 160 -171 400 133 63 40 112 465 -325 -292 -439 -149 144 205 247 139 193 -417 209 356 -318 -351 -73 -413 153 310 -90 -54 619 24 234 89 138 -504 -123 -466 147 15 120 -21 -39 -57
30 73 54 -53 -116 26 27 -90 28 79 -93 6 126 -29 -41 19 -245 211 251 88 252 188 -74 -264 32 442 152 106 385 -124 45 10 404 -64 88 -143 -24 37 81 -42 -57 -385 -110 -85 207 378 -145 -215 -203 -95 -191 105 -503 -487 -184 2251 -261 246 -546 -139 407 -286 196 102 -423 -224 8 -248 206 -72 -133 132 -320 -7 -175 -621 -211 259 -33 -81 227 75 -204 131 288 427 53 196 -351 -145 -320 214 329 -8 -98 185 -168 -252 168 -212 -74 327 567 59 531 5 -185 441 354 -203 23 27 -184 197 21 -199 -1 281 -321 -4 -583 -140 -630 -110 175 62 -117 -58 -425 124 -291 345 259 139 -392 220 303 -375 72 -448 381 -255 -154 151 -182 -520 -325 -217 -288 98
60 106 48 -183 -37 -230 -222 -80 -156 -275 10 -172 -47 48 -14 128 -104 -308 -150 333 6 -70 -258 -51 73 -6 208 279 51 46 -269 236 17 -12 -205 -41 50 -394 30 -78 -561 -504 -137 -38 117 369 -97 272 -338 -365 223 221 33 -272 -292 -261 2364 568 443 -119 -333 -53 466 -577 -169 12 -84 -352 387 -233 -143 190 -153 167 215 519 175 -200 -19 709 39 -347 -77 -106 25 -502 448 -94 -337 -3 271 -388 -177 -274 92 -331 19 -175 682 -418 69 275 -559 120 315 261 375 20 116 635 116 302 -206 102 132 -16 280 -285 869 -494 -28 136 -8 199 -538 273 -109 -178 171 -45 187 69 155 2 161 -66 91 16 67 -512 138 -27 -154 -430 -123 -50 112 258 266 591
48 104 70 -128 -161 -41 -254 -40 -42 -148 -51 -381 -107 117 -127 -8 -206 -69 48 -74 -111 234 183 -6 -199 -169 25 427 265 153 -194 -130 58 -49 224 -205 57 -228 -4 447 -43 260 -226 -56 -39 -288 101 432 247 -323 80 -440 -530 -154 -303 246 568 2692 97 -161 -332 -293 -197 -199 -246 504 -28 -208 -233 54 357 -56 142 -723 196 349 227 391 -398 13 239 -70 -238 -241 -10 -195 -363 357 -28 39 -181 -149 314 -294 102 -259 163 469 516 -365 -174 116 500 557 419 -85 -45 12 75 453 200 1 -250 -74 -194 -508 953 403 -401 -493 -6 128 226 307 -370 -425 107 516 291 426 -96 314 289 -182 31 -647 -96 -506 -264 189 -63 -332 184 -85 -511 -154 -19 175 -262 -21
30 -7 11 -127 -108 -58 -236 17 28 -108 156 -228 -179 10 103 -31 148 -116 -90 4 -278 60 -163 -201 254 -179 -2 269 -111 173 -144 43 32 86 30 -86 44 -152 -263 -160 -494 -211 111 228 219 -62 281 -302 88 226 128 -242 -55 -16 117 -546 443 97 1963 171 -683 278 -140 -247 320 239 -62 -156 50 -154 -50 210 214 -376 -194 -25 -41 337 -69 147 -16 7 -246 68 -392 -207 617 402 83 121 -63 536 -333 -97 -761 -125 -193 -69 -6 -180 227 152 -690 -448 -92 347 142 107 -220 91 255 -53 363 137 -148 -43 256 -360 441 -236 -218 22 187 299 -99 374 177 224 -17 298 49 -546 254 -256 176 -370 -357 -328 534 108 -291 14 -56 127 -60 67 325 382 -75 115
-18 -63 -43 113 -29 194 199 -6 178 256 -132 34 10 -72 1 -186 108 72 285 -119 -267 82 125 -9 -181 127 -14 125 67 -11 -342 -91 -105 85 -121 207 80 21 -104 -443 -2 453 -87 -155 29 -207 88 272 282 354 -206 56 -403 -471 433 -139 -119 -161 171 2712 -308 37 -164 -220 -683 -459 225 320 -259 396 268 -69 327 190 34 -214 -619 -247 129 -633 -306 142 188 178 -470 -35 -169 417 24 126 -312 -87 294 552 229 -280 -320 349 -220 -513 -102 47 -390 -287 -381 424 -282 -399 120 -119 22 321 160 -212 317 148 312 -47 -634 73 108 -313 217 12 -48 -228 170 690 286 241 420 -230 -37 214 -56 252 235 -580 73 357 -425 23 -181 -223 68 305 -266 573 -506 -203
-60 -74 56 -27 79 -109 77 23 180 -28 161 123 123 66 -50 -17 -116 123 -133 57 255 -15 -165 76 202 100 -167 -208 230 -322 235 278 -102 -319 160 25 128 -283 171 267 631 204 97 -199 236 -107 -34 -473 334 217 35 387 -76 57 -616 407 -333 -332 -683 -308 2486 214 322 26 291 -756 -74 -191 141 187 196 302 -304 225 0 -326 -372 213 -27 -206 -244 59 178 -104 -284 11 -257 311 -72 236 419 -92 808 555 396 378 -196 -373 88 -170 119 153 272 -139 207 -323 193 -377 57 -161 -840 99 -50 316 -98 -124 -659 -209 116 685 -441 -83 56 -48 -137 17 -85 -686 -227 -257 -120 521 138 212 -172 -8 -222 360 -108 61 -55 40 -287 449 27 283 -500 -83 257 123
24 52 -28 -22 3 -2 -67 -123 -135 -110 -45 -158 -205 -17 -3 -77 -33 98 -142 128 99 -202 57 42 126 162 155 -213 -89 -253 -20 89 317 52 375 -143 329 -165 -129 -133 125 -51 -60 -64 -396 -55 -171 -18 264 10 -134 89 41 441 -13 -286 -53 -293 278 37 214 2354 24 96 -462 -52 148 -138 -198 309 122 -22 -751 -3 -111 -176 281 -477 29 84 -736 -293 -47 -408 -424 188 130 158 -148 -113 -161 168 -362 296 -92 -531 -78 -418 -378 288 44 320 85 -84 192 -399 389 259 -277 -100 -523 -50 23 -277 534 443 -100 -341 -160 -216 104 430 236 284 282 -304 -54 318 183 -7 261 7 -416 -141 -10 164 -547 397 -482 -153 -123 136 -265 -304 26 42 313 320 18 -124
6 77 82 -96 12 -144 5 -43 63 -139 169 -113 111 204 -222 -23 -86 -63 -19 175 223 -122 -35 191 170 85 -175 113 262 71 -42 383 57 -277 -72 49 283 -123 -440 54 82 -444 -121 -139 -410 587 -567 97 -96 9 256 220 -158 450 -112 196 466 -197 -140 -164 322 24 1939 -170 7 -545 -238 118 72 -111 -275 -69 -288 -76 -126 -186 559 75 54 308 -182 -182 284 182 -50 -66 -188 221 294 150 427 -154 160 395 275 141 -71 -79 104 -83 -187 169 -10 271 -26 -393 383 84 -44 -555 -55 55 -120 210 -51 -169 23 -386 190 -47 -358 -331 351 -123 25 505 359 -328 -229 -434 100 -93 151 235 -81 159 437 65 -46 -444 417 196 -221 -252 102 -145 72 -117 367 707
18 -49 -111 109 13 142 52 -59 57 175 -24 1 -99 -90 71 -56 107 106 -31 -227 49 -112 -33 19 7 89 -174 -178 -132 -28 261 -247 75 254 288 -107 -31 66 3 109 -127 79 52 -64 -145 -352 -46 64 -261 47 10 11 -94 -572 -95 102 -577 -199 -247 -220 26 96 -170 2368 -117 480 -163 -14 -113 659 -155 31 -1011 134 402 254 -60 -128 749 -29 -12 -67 73 247 779 -74 -264 -462 -30 -117 -416 431 261 -327 -284 533 525 -243 234 696 -407 -273 131 6 -265 -226 -210 64 -51 -15 327 -73 -395 -173 97 -488 -377 367 350 334 -49 -515 1 224 312 16 273 -271 -151 -180 -363 -436 -311 -96 188 -216 -105 -575 19 353 -68 408 286 153 -26 -215 120 -2 -78 -98
36 -50 -73 -56 84 -182 -177 93 -142 -75 191 -186 -71 -75 188 51 169 -129 -149 127 -37 121 -118 27 14 -265 -178 -154 -104 29 64 263 -21 -148 209 -331 -639 -348 -492 171 -477 210 -36 573 121 -143 -104 -42 132 567 -32 182 146 -73 -497 -423 -169 -246 320 -683 291 -462 7 -117 2756 445 169 -118 505 -491 -130 360 300 159 -61 288 231 274 102 -138 550 132 -53 139 20 433 304 492 552 322 327 18 -391 49 164 560 556 -288 -112 245 790 220 8 -144 -203 -135 -32 85 181 -225 341 -10 5 -410 -597 419 -364 331 811 81 328 254 -89 -212 -206 542 294 -413 -98 63 -232 364 -151 -332 309 109 167 191 129 -134 -4 1 -121 559 -54 94 -293 270 407 59
48 -24 -59 0 -115 83 -151 97 -183 -5 -114 -63 -167 -350 51 39 44 -93 -30 84 34 117 29 -102 -194 -108 23 -168 -176 -150 40 -531 110 -254 182 -58 -509 -64 -310 108 -261 -25 127 409 -88 -328 -476 -17 69 -72 -116 -241 166 -385 -96 -224 12 504 239 -459 -756 -52 -545 480 445 2438 185 72 118 172 -182 -479 67 -540 -390 725 146 -158 -21 23 197 -48 -615 -329 479 293 244 -92 300 -465 -171 -210 -154 -150 -864 -75 522 54 -228 151 -192 -356 228 372 198 -445 -796 562 26 -117 276 -111 207 -348 -298 -187 380 446 182 -116 -28 211 -297 537 -429 -169 -72 271 334 324 275 -214 -274 -263 -331 -406 -142 -310 -604 -61 -444 135 854 -168 297 -60 -5 -55 163 -146
