16 -24 28 20 -16 4 12 12 0 40 36 24 16 -24 24 -32 -16 -28 -16 -28 -20 -16 8 -24 4 -20 -12 28 12 -36 40 -28 -32 8 40 40 -36 0 16 -24 -32 12 -12 -16 8 28 28 40 -8 -28 -28 -24 -12 -28 36 24 8 -4 -24 -8 20 -24 24 36 8 36 -4 -8 4 16 24 -32 20 -36 16 24 12 -12 40 16 24 24 40 20 36 0 -32 -12 0 -4 -28 -32 0 -8 -16 0 36 40 36 8 28 -16 36 -28 -24 12 -8 8 36 -16 28 20 20 -36 12 36 -8 4 -28 24 -8 4 0 -24 -40 24 -24 28 12 32 4 12 8 -4 -16 0 -20 -20 12 16 -24 40 36 -12 16 8 -32 32 20 -28 20 -16 28 28 -16 -8 -32 -40 24 24 -40 40 28 8 -8 -12 16 -12 -24 20 -40 -4 -16 16 32 16 20 16 -28 32 8 28 36 0 -20 -16 0 28 12 -20 -28 -40 12 16 4 20 -4 -20 -12 28
-24 100 -2 -94 -16 42 -26 54 64 -100 -38 -52 48 60 -68 -32 8 34 32 90 -34 24 -28 -44 26 6 42 -2 22 118 -76 2 88 52 -108 -20 110 -40 -64 -4 -16 54 34 8 -52 -10 -90 -132 -44 98 -38 -44 -54 -14 -110 -20 20 -34 -4 -60 -6 20 -92 -6 4 -14 38 -68 50 -80 44 16 34 126 40 -60 -18 66 -4 -48 -20 -116 -52 -110 -126 48 0 58 64 -66 74 120 72 20 -48 -16 -14 -84 -38 52 -106 88 -70 26 36 54 -20 -52 -46 72 -2 -14 -22 -2 -82 -46 -68 2 82 -36 4 2 -40 44 124 -36 -44 -2 -82 -24 58 -82 -92 38 64 56 6 94 6 -56 20 12 18 26 -104 36 112 -120 42 58 26 -16 -74 -58 88 -60 112 132 36 -4 116 -100 -66 52 20 2 -16 -38 28 34 116 -34 56 24 0 32 18 -72 50 8 28 -10 -78 -72 102 -24 8 -58 -58 70 -14 -4 -2 -48 -6 18 6 102 74 -90
28 -2 99 0 -93 52 46 91 90 75 88 42 38 -77 -8 -91 -73 -4 -8 -64 -45 -33 -6 -87 7 -50 39 84 46 -23 80 -119 -61 34 -5 90 -23 10 8 -42 -106 101 -61 -28 -56 89 -26 -5 -64 -29 -129 -62 -71 -84 -22 77 39 -82 -107 -69 25 -42 -3 43 54 58 13 -34 62 -32 57 -56 30 2 28 -13 36 34 65 -32 87 37 115 -25 -22 -20 -86 14 60 -17 -29 -36 0 16 -113 35 83 90 48 34 -21 2 93 -9 -77 76 -69 -26 33 27 59 90 5 -98 -44 88 -29 17 16 27 6 47 20 -62 -55 92 -102 64 16 66 32 6 -16 43 -53 25 -40 15 21 53 -97 105 123 -26 13 4 -16 11 115 11 50 -8 59 29 27 -34 -66 5 67 52 10 95 54 69 11 19 -2 -91 -42 100 0 -47 2 103 81 78 90 -42 -4 141 59 94 8 -65 -40 -53 -45 64 -4 -50 -44 -120 31 43 42 95 -42 30 -1 24
20 -94 0 154 44 -48 69 -124 18 72 48 88 -75 -56 -24 91 -11 7 -41 -156 -27 -29 -48 -21 -103 -73 42 69 -41 -37 -2 -20 -110 -26 89 49 -156 55 -11 -57 -50 -26 -41 -2 57 23 138 148 -5 -14 111 0 104 61 83 -61 -29 33 58 28 -60 -20 116 19 64 55 -37 100 25 55 -97 52 -96 -161 -108 22 -6 -114 -70 35 5 119 66 55 37 -106 -40 -77 -28 90 -59 -45 -97 -29 84 33 -20 137 -56 -90 53 -78 -3 71 -77 -39 55 31 -18 -55 -56 90 66 27 146 17 37 54 -59 51 11 -12 73 -27 -103 112 -8 73 70 71 2 28 38 -63 -102 -18 1 -95 -12 125 49 24 56 -9 91 26 -80 104 -8 -9 13 85 41 49 -105 67 -114 -140 -78 52 -49 68 -17 -35 18 -37 29 66 43 -82 -123 40 -74 -51 -57 23 62 -12 13 -62 54 -24 93 148 -51 61 -90 120 87 -81 45 -4 15 26 20 -73 -12 -149 -122 36
-16 -16 -93 44 221 -92 -35 -73 6 -145 -102 40 87 33 -46 92 22 -25 -71 18 -44 -80 -88 120 52 -31 51 -113 -95 12 -118 147 -7 50 52 63 15 33 -115 -117 12 -81 52 50 47 -82 46 159 113 107 232 98 9 93 5 -34 -130 103 221 63 -113 -6 83 0 46 55 -116 -18 -15 -19 32 -2 -52 15 70 63 -148 -136 -9 -19 -128 34 -151 -58 57 66 28 39 -86 61 62 143 49 -135 205 -48 -155 -113 44 18 -10 -64 -26 -2 -10 35 104 -27 1 -140 47 4 -31 -21 124 -35 -98 -69 -157 82 -83 -133 -25 147 48 22 42 -77 14 -21 32 40 -38 -50 145 -79 -11 -40 -3 -96 222 45 -145 131 0 162 -36 -71 -195 -36 91 -73 -172 98 -50 23 112 -85 -73 50 57 -161 -75 -104 -23 -172 -23 149 43 -64 27 117 -62 -214 -168 33 -150 92 -97 -235 45 -84 9 37 153 64 -11 34 39 75 -33 88 -44 -111 -6 -226 60 -165 -73 -20
4 42 52 -48 -92 81 40 28 52 22 5 -55 -36 4 -26 -78 -54 6 3 61 -65 64 -6 -66 -52 -35 -44 8 80 51 -10 -91 67 39 -55 22 63 -53 5 -35 -81 99 38 23 -57 89 -76 -83 -83 31 -65 -41 3 -17 -51 49 32 -104 -71 -91 7 -30 -103 -10 10 12 83 5 15 -5 69 8 9 39 38 -24 30 80 36 -14 30 -46 103 -6 -81 -20 -30 42 40 -29 -39 -17 70 43 -60 21 41 -11 19 42 -9 75 -25 51 -6 -4 -47 28 -18 103 -41 14 0 -28 -115 55 -7 72 91 -42 -21 73 -19 -56 -19 -20 -29 5 -77 54 11 3 -23 31 -22 95 -8 70 -23 -8 -58 60 101 -85 -87 -35 49 14 73 63 -28 -43 35 -21 38 -64 -52 31 73 -18 38 29 38 114 -20 28 -33 -104 -19 26 59 -54 53 130 39 49 26 -62 86 85 58 24 -32 -62 36 -24 25 -46 11 31 -50 -52 2 7 -4 121 -27 92 51 -53
12 -26 46 69 -35 40 188 -12 64 47 101 60 -139 -142 -46 31 -94 85 -26 -112 -52 115 -145 -47 -76 -156 -36 49 120 -62 -94 -41 28 63 -114 23 -30 -50 -46 -115 -139 156 52 29 -51 51 -32 8 7 67 31 101 96 14 -70 14 0 -116 43 -155 -167 -3 33 -19 2 60 -7 49 107 -72 25 -9 -191 -96 -79 21 84 -62 -93 51 51 79 237 4 -30 -156 -33 28 -3 106 -131 -117 -76 -20 55 64 25 131 -100 -55 -50 -93 83 160 -163 70 -49 118 17 26 -95 193 13 -97 11 146 81 124 54 87 -96 136 116 -111 -106 72 -64 42 46 38 -46 54 -46 -51 -136 72 54 -1 -18 98 -46 27 131 0 27 -69 1 88 -4 135 -49 -59 59 -37 28 90 -134 -30 -44 103 65 93 -29 89 4 44 8 -54 -67 -110 80 49 71 91 -60 106 -61 -129 155 36 174 75 -64 23 68 -37 -40 -6 151 41 -70 4 20 108 -52 -5 3 -71 -19 21
12 54 91 -124 -73 28 -12 307 56 -13 111 60 182 -137 62 -128 -44 33 49 -39 84 -77 7 8 241 37 65 47 48 -127 117 -22 -42 47 -116 25 88 19 5 48 4 106 -92 -78 -109 -45 -153 -86 65 -64 -271 45 -257 -198 -117 137 47 -65 -124 -53 25 33 28 42 -43 1 -80 -202 96 -182 133 -198 86 156 104 -11 54 52 85 -59 104 5 9 -124 48 89 -31 85 74 -46 52 -20 -27 -23 -198 11 107 33 77 88 -140 -71 280 -135 -86 243 -153 -90 130 -55 223 90 -113 -197 -85 89 -37 -132 -22 97 -3 29 14 -9 54 63 -132 3 91 -102 -5 2 -62 87 32 -78 -26 46 92 -39 -173 16 -21 150 74 -12 8 -143 68 -4 85 -90 -6 -7 174 17 106 177 77 86 62 50 34 -2 44 71 20 -84 -146 193 142 -15 71 58 130 45 -41 7 -115 194 -20 203 -130 -230 -29 -168 1 -5 -102 -1 -70 -79 39 86 30 46 9 86 98 106
0 64 90 18 6 52 64 56 436 -119 -63 73 148 -88 -280 4 -190 151 -76 -170 -212 -152 -202 -18 23 -91 372 -16 11 174 18 -119 -149 34 -135 207 139 114 -130 -193 -180 101 -63 10 -100 57 -37 40 -186 86 39 -111 -182 -15 -127 25 -145 -234 52 -90 -63 -134 -142 -3 346 14 -98 -46 127 -51 87 38 -135 232 43 -168 -197 33 -13 -173 63 143 40 -202 -174 -40 -42 31 72 52 195 214 127 17 -41 65 -172 24 -76 63 -100 21 90 153 -140 226 -62 -151 -203 -1 105 205 -157 -31 44 137 -209 84 85 -14 55 3 -20 162 7 278 -117 -88 -98 22 107 16 -172 147 57 -39 -52 7 50 65 98 222 30 0 -106 183 -36 -104 87 155 127 -15 -180 147 35 -75 6 87 26 -19 332 -49 54 143 47 -84 -244 -100 50 93 153 -17 -9 66 -174 284 101 -62 0 -24 199 -38 -141 -62 54 -21 -147 147 15 -147 14 -190 -52 -29 242 -1 -84 42 -134 -62
40 -100 75 72 -145 22 47 -13 -119 324 162 87 -199 -64 37 -58 -52 -125 -29 -55 143 59 132 -138 -75 -64 -82 44 2 -81 100 -55 -105 -56 115 31 -240 -10 94 80 -77 7 -138 21 -20 157 19 -37 68 -93 -63 25 169 -70 38 146 169 78 -167 -40 109 -47 83 -69 -8 39 24 115 -84 73 -186 -24 14 -275 -126 79 217 84 90 -42 162 97 182 181 21 -94 -96 -53 -42 -23 -143 -265 -191 109 -33 43 155 99 74 -68 116 -33 -30 -65 -12 -165 -1 60 39 83 -90 -51 165 -70 -66 42 159 -103 -17 -88 -24 97 169 -251 -160 -47 0 31 224 109 -45 -3 180 51 -125 -38 54 -52 -95 86 -130 2 130 -161 128 -197 -43 198 92 -107 -71 124 298 -96 -151 43 -268 -156 -96 44 -179 252 87 -65 -89 174 39 -94 8 101 -205 -68 -112 89 99 -42 160 -106 60 280 13 60 166 81 -262 52 -103 89 77 -50 -3 -112 36 69 -94 128 -150 -74 -103 35
36 -38 88 48 -102 5 101 111 -63 162 438 103 31 -72 147 -71 -150 87 -36 -195 97 13 -54 -78 176 -91 -86 179 34 -19 40 61 10 104 -60 -16 -333 -184 -2 -12 -119 114 -77 27 -70 1 144 -77 129 -40 -274 -69 -39 -156 -44 122 176 207 -191 -109 28 12 124 220 -50 125 -159 -64 263 -134 -114 -149 33 -306 -203 25 266 18 98 203 285 91 63 59 76 -52 -115 -77 73 -212 -107 -160 -264 5 -41 12 94 135 -64 -49 -174 -108 68 -105 -163 140 -112 64 133 -131 104 180 139 -339 53 73 34 6 -30 74 -97 88 217 -196 -72 104 -165 296 237 -69 -82 -57 -12 -1 -177 18 26 55 203 250 -176 15 303 75 101 -58 30 169 34 -163 -39 -20 287 -211 15 103 22 -63 93 119 -62 111 -84 -100 27 5 104 -70 -26 155 -106 81 47 6 96 -111 206 -148 39 122 -39 133 223 -81 22 43 -42 83 -12 36 -102 15 -37 172 -109 -24 -11 -105 -6 143
24 -52 42 88 40 -55 60 60 73 87 103 434 110 -45 -167 177 -88 -80 -31 -176 -3 -43 -48 -162 34 -214 282 73 59 -111 71 27 -276 63 -23 269 -122 -23 -12 -13 0 64 -44 -152 -84 -1 194 22 15 19 -26 -131 -36 -120 94 103 -14 144 86 -239 213 29 253 -40 198 156 -116 -76 -44 -5 -59 -139 -173 -149 -80 123 89 -191 -4 -58 20 181 158 3 -46 -123 -61 -85 30 61 87 -118 -274 88 -49 -220 63 -17 -16 -133 -47 -266 167 -120 -27 235 16 -16 184 -26 48 5 61 -36 195 68 -127 -166 47 118 -48 132 101 -37 -44 -92 -253 -138 199 -1 130 -268 -135 -121 161 -139 2 -134 49 18 -35 183 -97 -22 248 16 -166 80 -61 33 186 93 -29 106 -122 74 -46 100 -276 361 -140 118 -134 -17 -42 81 131 -54 -177 -81 71 104 -204 -146 35 297 -11 -119 31 175 126 168 95 248 -181 -175 -249 167 273 -32 -7 -175 122 -19 50 -261 -71 -63 -144 48
16 48 38 -75 87 -36 -139 182 148 -199 31 110 562 125 35 -26 -116 53 -84 -81 -178 -296 -1 161 264 90 257 14 -53 71 206 1 -67 147 -34 270 62 -57 43 -36 139 48 -50 -60 -99 -46 188 70 -99 -88 -237 -287 -418 -95 92 77 -150 86 1 -21 279 10 -14 265 194 64 -133 -244 43 -38 220 -112 94 210 221 48 -165 -54 181 105 -57 93 -191 -125 89 171 -25 16 113 -137 260 207 126 -42 -222 -161 -101 -170 164 150 -90 -50 166 -315 79 307 -87 -206 215 -254 463 77 -146 -125 122 30 -430 -57 -32 159 -20 -79 -229 284 43 87 -189 12 -114 -74 131 -103 -100 -69 232 -116 -258 -8 270 -45 -43 242 -118 52 11 286 -116 -38 -96 -154 193 -116 -164 217 87 -165 285 153 179 5 18 -172 -24 65 131 -298 -52 -42 -168 110 176 122 -35 -137 54 109 -41 243 -250 -111 -152 117 148 -129 98 -88 68 169 -117 -116 -82 -104 -88 -151 236 -210 62 88 58 163
-24 60 -77 -56 33 4 -142 -137 -88 -64 -72 -45 125 391 -31 3 16 -50 -5 188 -107 -42 117 48 -140 24 61 -92 -18 210 -45 71 144 41 58 131 -101 -245 62 31 208 27 24 109 -42 110 163 -172 -106 20 -51 -314 64 154 131 -24 57 266 -16 -40 282 -15 -45 23 139 -3 57 41 -142 116 -62 126 78 5 1 8 -40 15 127 109 -84 -139 -197 100 -79 26 30 -70 44 -217 142 125 24 141 -29 -141 -158 -382 138 65 -11 90 -296 -128 326 -90 136 -92 -2 88 -9 -261 133 178 -14 -190 -151 9 100 -129 -77 43 -208 30 84 -251 19 -45 -174 56 91 -262 60 -144 139 106 -129 108 68 -103 35 49 -59 -209 -146 135 97 115 -66 -153 -11 45 50 14 -55 -173 78 87 56 -102 -138 -212 -95 -7 -50 -136 -15 -27 82 -71 27 65 -94 -120 56 -50 20 -6 109 -70 -196 -54 323 127 36 179 22 -33 -50 20 35 87 -103 -215 3 -156 37 147 105 -92
24 -68 -8 -24 -46 -26 -46 62 -280 37 147 -167 35 -31 491 -11 71 -6 148 59 114 -24 27 140 144 101 -422 18 67 -233 206 -44 68 -91 128 -272 -11 26 126 138 144 -119 50 -60 46 -78 64 171 46 -306 -228 -7 -92 -110 193 66 49 119 -283 223 -16 143 120 117 -312 8 52 51 110 99 81 -161 210 -105 -52 21 86 -45 1 232 123 -125 -173 238 352 92 106 -39 10 -115 -263 -198 -90 -130 9 12 135 99 135 -38 -68 2 158 -146 -15 -38 -21 168 112 -115 43 -43 -92 -137 -40 -21 178 151 -70 66 46 -34 -18 -133 -2 -17 72 240 -49 -76 -181 167 100 -92 -191 103 -57 56 102 140 -197 -93 123 168 140 -49 -145 60 -15 -102 -83 -154 168 28 34 124 97 -122 303 -5 -274 72 123 -134 3 8 157 150 -38 138 -161 61 75 34 287 -361 -85 245 -139 -165 -272 99 44 -229 56 26 135 -131 -181 57 -20 311 -44 207 -14 137 188 55 265 132
-32 -32 -91 91 92 -78 31 -128 4 -58 -71 177 -26 3 -11 695 -79 87 82 8 66 51 -220 109 -31 -156 16 -129 19 122 36 -166 -161 21 -157 -134 158 190 -31 291 134 -162 59 -34 -235 -123 207 129 -82 25 115 14 102 -16 42 -17 -153 30 22 -83 -29 403 11 -234 -78 -45 100 178 -20 110 -267 205 -436 -45 -282 178 91 -149 -391 -15 -140 64 -129 188 -90 -161 135 101 59 285 -47 -148 -230 12 104 -180 -69 -76 -158 -318 -164 43 -89 -26 -16 -34 3 75 8 53 -100 148 -179 99 21 -20 -140 4 248 85 41 69 290 55 -12 -148 -156 22 125 -5 130 -31 92 -213 36 -115 -10 -105 -246 228 82 240 -139 63 312 -40 -357 114 -213 251 -13 185 -169 -10 -193 97 74 89 -283 214 -34 5 -159 77 202 165 1 179 -67 -54 132 104 -75 -182 -17 81 -139 157 72 -338 40 48 -126 22 -27 -28 -235 194 98 52 66 289 -46 -60 257 -228 -115 -35 -84 30
-16 8 -73 -11 22 -54 -94 -44 -190 -52 -150 -88 -116 16 71 -79 544 -145 86 -52 -18 19 113 -175 -69 114 -62 175 123 -114 12 -127 -31 -171 199 -144 80 53 73 -19 30 -101 52 -202 400 -19 -119 -5 20 -22 76 44 127 -17 179 -359 72 38 71 190 -70 116 63 -8 -240 -25 70 -7 -34 39 34 9 250 117 93 -39 -30 -75 -78 -72 -184 -384 -44 -93 60 43 25 -38 -12 -58 -39 73 -34 -122 -90 87 259 71 -22 0 188 55 -91 -5 103 -42 194 -217 -69 176 -125 -219 152 298 -37 -284 246 -58 -105 126 250 -142 -104 -30 274 -11 -28 50 -92 91 29 -114 31 -154 -178 2 60 -195 -6 -91 -33 -330 -81 115 -84 -62 126 -311 191 52 146 157 -192 -3 174 69 85 141 8 46 -184 -48 18 -58 119 138 150 277 127 -74 -141 -212 53 38 247 -67 77 -66 -142 52 -201 52 -65 71 9 -123 134 -138 -141 -170 231 64 142 107 -141 98 171 70 176 62
-28 34 -4 7 -25 6 85 33 151 -125 87 -80 53 -50 -6 87 -145 468 65 -235 143 -55 -49 277 40 104 84 87 -83 45 -95 43 33 -19 -182 -65 9 -33 27 108 91 188 -14 202 -174 -81 -19 -161 -26 53 -118 78 -162 145 -177 -44 -143 7 -120 57 -143 70 -110 92 76 -100 -135 104 172 -149 -102 56 -130 53 -88 -187 40 54 -187 222 -28 162 -73 -124 -107 -213 11 -54 113 102 85 34 -64 4 -66 173 -242 -32 -230 -11 -174 -21 165 222 -55 129 -239 47 -46 -207 77 240 -309 2 -2 -32 65 85 184 -20 131 64 -5 19 -112 319 62 68 63 -202 -120 106 -41 -67 -232 -35 16 92 253 220 -178 -241 13 112 32 -1 143 81 -25 192 -264 160 53 -90 146 60 135 159 44 -202 291 -112 32 -32 221 -116 -121 -9 -86 -1 313 67 283 81 -152 -12 33 -66 104 -137 -121 74 -74 -66 109 13 72 -46 -46 -89 158 148 -118 83 122 -76 -6 -17 35 56
-16 32 -8 -41 -71 3 -26 49 -76 -29 -36 -31 -84 -5 148 82 86 65 544 199 192 49 33 -24 -272 -110 -62 31 -27 -376 -108 17 -76 -192 134 -220 -67 132 -47 290 227 -12 -58 -66 -151 -174 104 -124 -67 -143 -298 -135 -54 64 5 -90 104 54 -241 84 -131 14 240 -147 -187 -136 51 -42 47 -143 -56 -43 26 195 -167 -222 62 -202 -125 92 52 -264 -293 129 25 -107 154 -216 210 139 39 -69 -85 64 19 -116 -34 42 -60 -37 -270 -7 358 147 63 -2 -60 214 29 135 -102 -78 -56 250 -48 -68 266 85 95 -109 145 192 -2 -205 63 -115 67 190 -56 -62 28 -111 -56 -38 -65 181 46 240 -47 -71 -141 -163 -85 261 66 77 65 10 247 196 -38 104 86 15 119 36 47 203 37 42 -115 -56 -25 -166 -14 186 348 98 -20 -3 -69 -28 84 6 232 -161 -42 58 169 23 -169 96 -270 72 -172 -103 -203 -293 -110 164 61 194 253 83 3 40 77 170 185 -122
-28 90 -64 -156 18 61 -112 -39 -170 -55 -195 -176 -81 188 59 8 -52 -235 199 883 123 167 121 3 -172 1 -372 -194 -70 -14 -223 -17 358 139 103 -202 40 -225 -118 136 187 -127 217 2 -139 -253 -99 -41 -73 284 -76 10 128 126 -22 107 221 -69 -50 21 -115 -14 -61 -281 -317 -2 259 -168 -218 12 93 26 160 17 -104 58 -58 -84 148 -18 -80 -223 -227 87 -67 216 25 80 62 135 -60 23 169 169 108 -246 -48 -288 273 -16 -62 161 -240 56 -13 -140 47 71 5 276 -223 -245 182 312 -147 88 -43 -80 -163 -163 -243 -36 -19 -77 32 -557 80 -92 -121 -75 139 44 -35 149 432 268 -17 438 -292 -213 283 286 -194 -66 -126 177 -13 -4 -157 -156 -60 -166 -228 -110 -27 -217 8 92 43 33 -182 -79 -150 114 -372 31 148 -125 73 -69 -32 -60 -31 -338 261 -68 -290 10 104 49 80 -31 -3 -202 -13 25 -17 -211 -56 451 -224 300 68 -144 103 -5 71 132 -59 -297
-20 -34 -45 -27 -44 -65 -52 84 -212 143 97 -3 -178 -107 114 66 -18 143 192 123 827 79 165 45 145 197 -147 261 -335 -151 -58 206 -156 -199 120 -197 -103 173 46 440 226 54 29 112 -122 -249 -175 -195 126 125 -13 238 -91 -67 -124 39 225 214 -198 229 -157 93 100 -60 -284 -25 -1 59 -52 -94 -525 -35 240 -419 -266 24 252 74 -114 180 115 33 -158 10 -5 -106 -87 10 3 291 -200 -183 -206 17 158 233 -144 80 -197 -245 -12 -90 -45 164 -77 -72 -231 127 40 -149 -169 -62 -181 -31 11 -123 252 -391 -30 -110 123 -136 36 -118 -260 -62 218 55 520 -394 -222 127 14 56 -29 -61 291 100 -97 152 -100 -462 -122 258 379 -118 124 -46 -1 -119 -211 320 138 -372 -138 91 201 -58 -167 -52 -109 83 -20 -470 -10 126 279 -17 -180 208 -7 -46 126 -162 -91 -93 13 -148 -124 67 -11 123 -22 -37 -268 -106 54 -162 -119 103 138 173 37 21 -29 3 -102 -288 -180 -158
-16 24 -33 -29 -80 64 115 -77 -152 59 13 -43 -296 -42 -24 51 19 -55 49 167 79 488 -5 -61 -130 -29 -286 75 70 19 -163 83 110 74 -212 -205 57 -109 41 161 -144 46 298 25 -11 -145 -29 -243 68 110 -51 67 180 -15 18 -135 77 -169 136 -323 -100 63 -57 43 -264 -142 227 -20 -65 54 -115 105 -143 -63 11 175 144 16 -144 86 -67 -49 314 100 -102 -110 -15 -33 -154 99 -165 -113 141 59 148 -96 53 113 -191 -111 83 41 -22 196 -98 -49 -146 345 92 219 -273 -39 64 2 15 77 84 54 161 19 -78 31 158 -95 -163 -345 107 26 112 -39 -158 34 -10 -117 -23 219 141 -46 -201 -122 -26 -75 62 -86 -80 -207 109 2 14 154 -94 -132 65 -211 -105 -14 21 30 -79 54 -117 94 -174 134 -43 293 195 7 -164 -245 -66 28 180 103 -114 22 9 -7 149 55 174 -141 -187 205 -62 -74 184 -260 139 320 -59 35 228 69 -255 152 7 24 -17 3
8 -28 -6 -48 -88 -6 -145 7 -202 132 -54 -48 -1 117 27 -220 113 -49 33 121 165 -5 865 159 -114 487 -197 175 -291 -205 -55 121 179 209 144 -168 -282 33 79 209 258 -161 -278 -6 17 -84 21 -339 162 9 -181 -109 93 39 146 153 38 109 -190 137 174 -44 163 -68 4 -61 115 -30 -536 -23 173 22 393 112 162 -18 47 132 -12 -163 -344 251 208 -163 -377 37 -142 -103 -15 77 89 229 -119 193 -452 1 366 -248 153 -36 132 21 135 10 271 -375 -152 177 352 -80 10 -572 17 301 29 -185 267 -183 -99 -212 365 -80 -156 -31 -152 53 -21 -48 154 61 -48 139 280 58 73 -31 -46 283 264 -282 -258 -210 -58 -145 201 -78 351 19 109 -15 -239 444 69 -53 240 -100 26 3 -221 -112 -218 180 -42 75 44 49 217 83 36 24 -7 -38 58 42 220 -104 236 -219 142 481 -364 -114 194 345 -314 50 284 -15 53 33 137 -179 352 8 -41 67 -117 11 -45 -96
-24 -44 -87 -21 120 -66 -47 8 -18 -138 -78 -162 161 48 140 109 -175 277 -24 3 45 -61 159 869 95 326 -87 -309 -147 -46 6 216 135 76 -280 -154 -11 -57 144 284 395 -37 -175 323 -242 -137 11 -100 139 -242 -247 60 -57 198 199 10 -131 -79 -14 11 -84 46 20 -9 102 -355 -52 84 -246 128 -34 154 -179 340 122 110 -191 5 -178 108 -127 360 -69 99 140 -31 46 5 -287 120 132 180 115 43 -6 131 -391 -355 247 89 -148 -76 287 31 53 71 -220 105 22 -145 185 -42 -378 119 135 95 6 -5 -39 53 -63 -56 -58 76 -236 38 253 -141 97 -78 -233 317 444 -193 -148 0 -264 62 120 -110 -91 -35 -279 43 63 227 -38 49 -258 -38 -279 -175 96 136 52 5 136 124 33 -303 64 -134 -2 45 96 42 -277 276 -77 -37 161 400 169 -155 -173 -109 -254 350 -74 -177 -268 -98 -22 16 -102 377 242 -34 -218 -5 106 392 -94 70 205 -170 124 23 125 283
4 26 7 -103 52 -52 -76 241 23 -75 176 34 264 -140 144 -31 -69 40 -272 -172 145 -130 -114 95 1133 214 -61 -143 52 -2 152 258 -108 41 -239 -257 308 -49 -106 92 19 -165 6 -146 134 -246 38 143 109 -142 239 26 -238 -440 16 4 109 38 25 89 99 6 -115 173 -218 3 -258 -233 154 131 139 -398 398 -242 85 114 149 206 188 30 316 -43 4 -167 319 369 -27 39 -323 -244 138 -79 28 -170 -60 71 191 -152 -162 202 -25 -67 -234 -245 -208 166 -171 -48 -42 -244 323 -32 -369 -259 58 285 -107 -162 -233 174 55 -104 39 206 229 -11 -52 -7 161 -350 -72 87 -316 146 83 -237 189 -155 181 4 133 -128 -161 245 146 -98 -313 -94 -142 -220 -49 -216 -222 -296 -47 215 508 26 125 27 154 -106 180 -162 -95 43 -142 114 -55 385 193 252 -6 -130 -89 253 -62 68 -380 41 28 -95 -262 -345 319 -200 226 142 -52 -157 -208 -237 -206 223 160 -34 -71 -136 -29 182
-20 6 -50 -73 -31 -35 -156 37 -91 -64 -91 -214 90 24 101 -156 114 104 -110 1 197 -29 487 326 214 895 -56 218 -409 92 256 -53 70 99 -127 -269 93 194 215 264 291 -112 -118 -83 237 -302 -59 -113 -80 -233 -133 -9 -189 90 89 -54 38 -97 142 311 66 154 125 57 -236 -255 171 -71 -103 72 44 206 489 94 219 -85 -242 99 -114 -217 -63 296 248 -263 -131 95 24 -8 -226 -93 6 367 49 -77 -465 111 42 -8 -38 -65 64 -79 -150 203 -85 -142 -296 -59 149 -74 -47 -295 -179 107 311 -121 108 137 -194 54 329 -364 -261 474 -168 56 188 -83 27 -272 -302 331 85 88 1 253 -36 126 149 -114 -165 -307 -149 -95 348 -96 100 -406 -122 -171 44 122 -4 -74 187 87 179 37 106 -317 -157 147 -184 96 84 -57 107 11 70 -50 117 209 50 -117 -107 -278 240 -10 -93 112 -132 -289 -16 112 -137 203 416 11 -88 -222 398 21 164 -104 156 92 174 220 14 43
-12 42 39 42 51 -44 -36 65 372 -82 -86 282 257 61 -422 16 -62 84 -62 -372 -147 -286 -197 -87 -61 -56 1100 32 -163 52 225 34 -288 -90 -47 553 -24 219 -46 -148 191 285 -319 -34 -169 205 185 -207 -167 -35 97 -366 -137 263 -278 -244 10 -41 234 -84 197 -110 174 37 440 -211 -271 -134 198 -182 -149 268 -311 213 -34 -152 -203 -163 147 -207 54 22 -182 -69 -44 -178 151 -175 41 -21 378 75 61 122 -198 94 -311 9 -194 133 -51 -148 -66 -48 -42 351 174 -504 -96 111 346 248 70 10 257 -85 -257 -21 34 35 -125 -18 -217 503 20 93 -17 -160 -35 -107 24 -346 -295 1 141 -202 -29 -189 -128 -112 -46 92 -324 -287 168 -44 -85 -21 66 -168 365 186 -24 -8 -68 9 -119 289 -24 -68 212 -148 -77 -9 115 -58 -152 -235 121 -263 150 122 -278 -60 -213 290 91 33 3 -23 19 123 110 255 -180 34 -459 375 -4 -217 51 -347 -10 -244 66 -465 -63 161 -174 112
28 -2 84 69 -113 8 49 47 -16 44 179 73 14 -92 18 -129 175 87 31 -194 261 75 175 -309 -143 218 32 1024 -226 61 107 -166 -121 47 71 72 -137 95 116 102 -116 445 114 -298 -46 54 50 -231 -98 72 -109 -174 -154 -27 29 -311 179 71 -117 -11 37 142 87 346 -145 170 356 69 214 -41 -143 69 341 -356 -27 -22 -12 -92 -139 148 -189 95 253 -191 -215 -94 -337 60 237 41 -448 79 -92 -274 -202 392 132 578 -315 -351 -82 -38 21 476 -221 285 -151 -7 222 -25 -216 -20 55 -13 178 -201 -43 -29 -53 332 272 -238 -5 24 -272 222 -112 438 180 -108 -167 65 -152 -234 -178 244 139 -44 77 258 -256 -285 408 120 314 -46 170 -233 317 184 239 499 -84 -25 -45 60 219 51 215 297 -275 260 -222 -66 249 -111 507 -62 -104 -187 -41 -164 226 102 138 41 365 -211 -10 21 31 50 184 59 -49 -131 26 -4 -162 76 323 -115 387 162 -104 110 6 -67 67 -103
12 22 46 -41 -95 80 120 48 11 2 34 59 -53 -18 67 19 123 -83 -27 -70 -335 70 -291 -147 52 -409 -163 -226 1024 -62 -123 -26 -108 10 -79 166 130 -406 -30 -17 -150 -38 309 46 122 137 -108 -24 -33 -61 4 -106 201 -397 295 20 145 44 29 -164 -83 83 -159 -37 88 260 21 157 -38 242 363 -208 -358 190 36 30 295 -17 71 99 188 -143 135 74 186 52 56 -1 -17 -78 -96 -208 -202 282 -80 -76 177 -126 97 91 -11 82 240 -297 131 318 244 -48 -102 93 -94 -69 172 73 -187 216 66 420 148 -20 61 372 -70 -421 289 -174 -154 -19 -250 177 159 -301 3 15 -126 62 26 -218 102 203 77 22 131 92 -451 182 -126 195 147 154 44 -288 -10 113 32 103 132 217 -79 336 43 -83 462 14 -112 411 -210 143 -293 -19 85 -58 136 355 282 283 -281 13 40 -71 -93 327 12 -173 -48 -333 184 -386 140 -43 -186 313 -247 482 94 68 204 188 366 65
-36 118 -23 -37 12 51 -62 -127 174 -81 -19 -111 71 210 -233 122 -114 45 -376 -14 -151 19 -205 -46 -2 92 52 61 -62 1149 -50 -61 51 -5 -315 267 194 -199 125 62 -307 68 158 147 -63 113 -265 -149 -107 90 236 -63 73 97 -297 72 -168 -76 195 -202 216 170 -381 132 217 71 290 354 184 272 -339 182 62 -101 248 -48 -202 416 -80 -215 67 -60 90 -166 -326 72 -313 307 17 -260 93 250 185 -120 101 -4 -135 -97 -46 -189 -85 265 -733 146 16 47 -34 -273 -376 79 -212 128 15 -278 -155 -274 -688 -5 262 18 -81 -236 16 354 45 51 -207 -46 55 43 29 -133 91 -5 -94 -11 -233 -102 19 217 225 356 454 -223 -250 13 27 -270 -359 -36 -31 159 264 -146 -363 -121 157 139 30 -131 234 -27 -117 201 229 -253 -260 -241 126 -22 36 -136 41 -109 -413 -85 461 -51 -43 -244 163 -190 21 -61 71 337 78 174 -231 -32 224 132 -274 -417 259 169 -41 151 -234 -186
40 -76 80 -2 -118 -10 -94 117 18 100 40 71 206 -45 206 36 12 -95 -108 -223 -58 -163 -55 6 152 256 225 107 -123 -50 1127 -493 -231 -230 -87 152 288 437 377 -196 209 -56 81 -372 208 191 -46 303 -478 -341 -232 -247 -393 -194 322 68 -153 -274 -391 -26 321 74 114 40 70 -279 59 -98 130 347 34 88 177 37 -195 20 -428 -107 1 -96 49 30 94 217 309 -162 248 -26 94 -252 -206 -220 -201 84 -169 -10 -40 23 106 -85 349 -163 227 -187 -96 141 22 -362 -3 76 383 26 -103 -220 218 -255 -108 38 120 126 111 -301 -127 305 -111 -7 -68 -234 -143 -93 -282 106 -17 -155 -12 3 -169 -346 15 119 -444 184 46 -408 332 -226 -344 -226 29 -239 237 -167 -152 294 61 225 -63 -136 565 57 -491 493 -78 146 -2 13 27 -96 92 140 -129 29 -390 -55 207 -60 73 226 -339 61 -221 -47 359 -83 -246 -63 -23 307 -54 -474 265 -86 -124 31 268 168 202 330 71 518
-28 2 -119 -20 147 -91 -41 -22 -119 -55 61 27 1 71 -44 -166 -127 43 17 -17 206 83 121 216 258 -53 34 -166 -26 -61 -493 1300 136 -180 -236 44 -302 -223 -301 193 374 -102 -110 265 -141 -225 101 -276 304 -103 488 53 349 -6 27 -73 116 137 103 -52 -33 -362 218 328 373 -100 61 149 -189 7 -53 -187 -59 8 11 -13 56 118 -93 169 90 142 -26 30 274 276 -77 -223 -288 50 344 20 152 167 363 5 -109 -155 -233 -40 -124 -135 127 -118 192 -12 9 497 -150 -410 52 -143 27 -49 255 -66 -71 42 -104 -370 -171 66 -296 -14 2 -85 356 141 69 -262 -144 -95 -70 18 246 -134 162 -18 200 -247 236 -321 81 215 -188 55 285 151 -83 -212 -439 -104 434 -225 -163 193 411 118 -223 -60 187 -228 132 -498 -248 76 118 42 -123 -125 -94 209 -46 -8 -528 139 -39 7 -47 -5 -75 -322 -235 471 -95 56 164 -330 -66 522 -229 -31 59 135 -178 -205 24 -230 -109 -188
-32 88 -61 -110 -7 67 28 -42 -149 -105 10 -276 -67 144 68 -161 -31 33 -76 358 -156 110 179 135 -108 70 -288 -121 -108 51 -231 136 1049 13 -136 -402 -64 -367 -180 -202 188 -3 -53 152 -187 -27 -230 -199 112 116 87 215 223 38 -135 -43 29 -232 -50 -93 -105 -90 -315 -62 7 -182 155 -181 -212 -102 172 -64 52 13 -309 57 47 191 -81 262 -20 -193 10 18 -180 149 126 167 84 -95 44 7 127 77 -10 -18 360 -131 17 -142 28 148 -320 -115 218 -353 112 -73 -30 14 43 13 109 227 -5 26 -38 26 190 -118 -475 1 -4 37 125 66 -192 166 -301 93 -79 64 100 56 43 40 -80 433 78 -231 46 -43 169 -227 -260 -196 195 121 -55 -259 -536 -257 -99 -131 302 -57 -273 -65 70 -374 94 26 -305 306 -212 -73 -50 -394 297 -202 66 -116 39 -162 395 -130 -149 -299 180 239 -124 23 284 -331 365 227 -13 7 -132 196 -325 277 -29 -111 -215 -125 0 98 -40 -130
8 52 34 -26 50 39 63 47 34 -56 104 63 147 41 -91 21 -171 -19 -192 139 -199 74 209 76 41 99 -90 47 10 -5 -230 -180 13 1190 -127 3 -120 27 -198 -150 -315 96 50 13 -160 -85 187 -67 320 560 -308 -263 -83 125 -155 187 -63 46 138 -293 -149 371 232 177 -336 283 61 -155 6 -260 289 200 -363 105 223 177 48 -87 156 -417 -439 464 117 -410 -392 141 -214 115 -66 230 -129 388 23 76 -619 -100 -10 126 223 506 -313 0 128 -19 -154 4 0 66 495 -179 236 147 241 -272 -9 174 29 25 -358 60 141 -67 77 8 -93 -156 -2 24 104 119 262 80 -49 261 197 72 -45 218 -104 73 29 423 -202 -126 119 269 181 261 -33 268 341 159 -159 -51 132 -120 136 25 -228 429 188 -120 -236 318 171 -99 -123 451 -148 -120 369 363 132 63 13 6 -32 134 400 41 249 -51 238 155 121 37 -15 383 293 362 -225 -259 -5 234 -183 -231 -14 -177 171 11
40 -108 -5 89 52 -55 -114 -116 -135 115 -60 -23 -34 58 128 -157 199 -182 134 103 120 -212 144 -280 -239 -127 -47 71 -79 -315 -87 -236 -136 -127 1256 202 -373 284 -25 -254 -188 -207 142 -22 227 160 422 76 137 66 138 -205 82 50 38 -23 -1 377 -175 448 -115 -275 -129 144 -340 521 -310 -15 -105 9 -133 -186 167 -304 -164 -94 172 -125 462 228 194 -204 -527 126 82 5 104 -141 124 57 -142 -29 88 -232 147 -31 0 69 204 -24 204 121 -144 -162 7 -111 261 -154 54 -182 3 -64 356 132 -126 29 219 -163 -463 -196 135 -54 -147 -130 -152 310 -25 91 -69 48 143 -2 -47 255 43 -313 292 158 -13 24 4 31 -235 67 -140 170 -270 316 81 -301 -30 354 -49 81 -84 -73 -365 -225 -43 -264 -122 -102 357 -191 -79 -286 -96 36 37 174 -339 -458 59 -113 305 -213 234 -76 -186 82 -194 271 370 -130 116 -2 -166 -59 4 42 -217 139 26 -35 -195 -126 -156 -186 -334 -335
40 -20 90 49 63 22 23 25 207 31 -16 269 270 131 -272 -134 -144 -65 -220 -202 -197 -205 -168 -154 -257 -269 553 72 166 267 152 44 -402 3 202 1340 -33 -65 -18 -232 -54 473 219 230 -12 528 -55 -93 -292 110 261 -198 12 206 -317 59 -152 161 -1 -213 87 -190 107 173 479 282 -113 95 217 27 292 46 -213 22 369 0 -247 -288 286 32 -70 1 177 -135 -21 -332 -132 82 202 10 180 -39 13 215 85 -32 -401 -414 200 153 88 -103 144 -114 48 445 42 -394 314 -131 254 350 195 -323 -135 -288 -614 131 -57 49 -74 146 -458 202 -162 46 -202 -32 -45 152 171 -226 22 -321 79 -55 -58 -195 134 -51 -133 359 94 -169 -112 244 47 58 -225 -283 242 149 118 190 -128 38 66 90 217 235 70 -59 171 26 32 -582 -42 -256 -345 -236 249 -41 -163 113 -425 403 90 32 -82 -114 20 312 452 203 67 -142 65 -32 331 -19 -61 -82 -216 -417 306 -334 9 63 -187 114
-36 110 -23 -156 15 63 -30 88 139 -240 -333 -122 62 -101 -11 158 80 9 -67 40 -103 57 -282 -11 308 93 -24 -137 130 194 288 -302 -64 -120 -373 -33 1036 287 57 60 -58 29 340 -85 -45 -29 -459 267 -266 53 202 162 -392 -172 -236 -133 -328 -471 81 -6 108 297 -206 -252 -141 -236 218 -67 114 257 385 -75 24 106 457 21 -248 150 -205 -216 -191 -356 18 -205 10 -49 82 258 -49 25 -52 -126 346 -83 -106 15 23 15 -238 158 29 109 -33 58 43 45 -86 -118 -71 160 38 88 -533 -93 -115 -93 -250 69 392 104 222 -117 -184 412 314 -170 -18 -299 -252 47 -65 -14 -261 -112 -144 32 59 -208 -153 -73 40 -36 -146 21 65 -164 -84 -392 -103 309 135 -175 -334 81 -3 129 199 -6 127 83 252 46 23 318 -12 -62 7 4 -159 -113 374 34 105 129 -50 244 -218 313 -245 -370 187 -30 -464 -289 231 -337 89 -66 95 -151 122 -4 -107 -159 231 188 57 226 272 -27
0 -40 10 55 33 -53 -50 19 114 -10 -184 -23 -57 -245 26 190 53 -33 132 -225 173 -109 33 -57 -49 194 219 95 -406 -199 437 -223 -367 27 284 -65 287 1568 -27 -48 156 -425 -71 -291 -16 248 145 149 -374 -18 141 -248 -324 -315 -173 -9 -218 -444 -266 86 -345 19 222 -189 -169 14 75 -177 -16 -18 -121 311 -85 45 -231 -87 -307 78 -405 -251 20 86 -174 -172 -77 -288 213 268 -61 451 -305 336 82 -48 72 355 -97 372 -341 -68 86 -12 184 -99 -85 -221 102 52 86 -91 145 107 -60 -491 168 -263 -18 44 -96 -62 421 -246 -344 322 -48 290 -124 90 -60 45 -59 248 27 167 -180 -257 289 -42 -460 74 -258 96 52 353 407 195 -106 -322 197 -17 56 318 -58 -145 257 125 -44 -497 -36 -21 252 397 -255 19 515 -23 160 414 -91 393 -252 -102 -198 102 -304 -199 9 214 -132 -225 261 -272 -188 157 -234 85 -212 395 -140 43 -207 -236 58 -150 -11 242 -108 -73 49 -170
16 -64 8 -11 -115 5 -46 5 -130 94 -2 -12 43 62 126 -31 73 27 -47 -118 46 41 79 144 -106 215 -46 116 -30 125 377 -301 -180 -198 -25 -18 57 -27 1012 131 241 144 193 -237 -2 -50 265 -7 -235 -111 -582 -75 -378 82 386 73 70 -99 25 -181 502 24 -162 -26 -126 -34 -4 97 87 382 -327 109 243 -154 217 182 -17 180 201 227 -151 135 32 353 382 -407 3 -105 -30 -246 -251 -209 111 -196 33 52 -125 2 -112 -268 294 -220 -37 90 23 230 -98 -61 0 240 -27 -255 -30 47 48 -177 -61 -270 -13 261 -197 -27 -80 -84 -291 -51 130 -513 219 -92 -388 0 235 -204 -335 -102 -244 -304 -17 104 -179 128 -52 -250 -2 -11 -20 -97 -233 -119 38 99 491 -52 75 -213 -155 302 76 -82 -217 205 91 189 339 16 -137 -2 -204 -174 -171 -174 186 -171 -85 -222 -199 399 -52 -140 -237 -34 -77 -15 -532 -38 352 -21 -351 -199 227 -17 -14 -171 -96 451 124 248 249 497
-24 -4 -42 -57 -117 -35 -115 48 -193 80 -12 -13 -36 31 138 291 -19 108 290 136 440 161 209 284 92 264 -148 102 -17 62 -196 193 -202 -150 -254 -232 60 -48 131 1877 446 -260 70 213 -533 -65 99 -477 66 -478 -271 -53 -36 -208 -180 -83 292 201 -99 -36 43 456 25 104 -238 -250 608 180 -201 242 -198 86 -109 -177 -208 -30 432 180 -362 542 50 226 9 -179 -48 56 70 -12 -22 233 98 163 -209 350 -145 -176 149 -64 -226 111 -317 224 -26 -58 197 166 -110 172 263 70 -124 -270 -316 389 -40 88 -296 -5 181 -118 105 128 175 -220 326 -279 385 300 266 -40 144 -314 41 -246 -426 459 -44 61 -149 -169 -280 -297 7 -45 108 212 -347 -173 93 -115 -351 83 180 -48 -636 120 523 332 -58 269 199 10 -151 -333 26 589 260 51 -482 -211 237 200 -42 16 217 -73 -134 415 173 74 -127 -83 -182 195 -419 -96 -28 -36 -183 171 8 508 -49 -268 245 -199 -74 240 89 171
-32 -16 -106 -50 12 -81 -139 4 -180 -77 -119 0 139 208 144 134 30 91 227 187 226 -144 258 395 19 291 191 -116 -150 -307 209 374 188 -315 -188 -54 -58 156 241 446 1444 -143 -345 -88 -187 17 174 43 -377 -303 -298 -231 30 -32 439 -102 470 -181 -344 89 237 -8 160 -219 182 -365 190 -246 -348 28 119 298 240 -37 -504 10 2 -281 -314 444 12 -2 -217 378 313 -34 214 -36 42 125 114 137 -236 454 33 19 -38 -469 -199 -316 -48 -427 -93 -220 374 -48 -9 94 48 129 238 -364 -57 438 262 -152 54 -100 -8 -184 -50 205 -587 197 236 -324 -25 -60 -86 -171 -78 -244 259 -479 -130 136 -238 287 -72 -106 -169 -160 -392 53 278 193 55 -90 -227 -605 -259 88 50 -225 412 119 155 349 7 -173 -396 171 -127 51 47 96 159 145 -54 -69 85 116 -316 -350 -34 -190 -443 -126 -87 83 -518 79 -70 330 -274 22 120 69 -385 -2 -122 261 -239 -175 371 -177 264 163 136 144
12 54 101 -26 -81 99 156 106 101 7 114 64 48 27 -119 -162 -101 188 -12 -127 54 46 -161 -37 -165 -112 285 445 -38 68 -56 -102 -3 96 -207 473 29 -425 144 -260 -143 1577 -43 81 -489 43 -17 -186 4 -122 -115 -39 18 346 -17 -306 154 107 -61 -419 161 311 92 101 -7 -311 2 284 557 -35 -73 145 -80 145 295 227 62 -276 516 -140 -318 -36 302 185 36 -246 -266 185 -114 20 -411 -265 140 -573 26 447 -283 -104 -114 -125 -265 -24 175 494 33 349 -413 -322 340 90 17 412 -32 -117 -74 -77 -75 -28 48 366 -388 362 -130 156 -586 362 34 105 317 244 -122 -27 105 -208 -176 457 75 -96 -126 84 -113 -39 31 -22 78 -226 247 175 107 411 351 214 251 142 149 106 164 327 279 66 -50 -284 -27 -112 140 -379 104 -272 -108 -543 381 12 259 -124 -115 384 159 -78 299 -8 241 221 80 -80 371 -262 -89 -247 -171 236 312 -166 111 -141 -187 42 8 31 187 133
-12 34 -61 -41 52 38 52 -92 -63 -138 -77 -44 -50 24 50 59 52 -14 -58 217 29 298 -278 -175 6 -118 -319 114 309 158 81 -110 -53 50 142 219 340 -71 193 70 -345 -43 1629 -41 216 -222 8 -93 -301 501 187 20 -499 -160 11 -13 -384 -252 220 -480 -346 75 -376 187 -245 501 163 107 14 445 220 -179 -97 -331 -140 42 -173 -17 161 350 -188 -95 -72 -255 228 -320 414 -235 37 180 -46 -90 -10 182 166 -628 -127 -115 -183 -24 674 -95 255 140 -163 359 493 -78 147 -370 -89 -222 3 26 132 -177 -374 289 -146 -16 120 -86 -275 0 138 -319 -73 -182 -130 -161 -288 76 -551 22 212 14 187 -186 -17 57 62 63 134 -94 -572 297 -40 101 156 -22 -55 -144 -328 219 -236 -25 508 209 293 54 63 103 275 -186 -306 -78 133 -160 -675 -162 324 -193 151 -88 25 291 -381 478 27 -206 216 -156 95 -275 -49 -314 306 -176 277 406 -92 348 -148 -33 -54 2 229 280 -201 162
-16 8 -28 -2 50 23 29 -78 10 21 27 -152 -60 109 -60 -34 -202 202 -66 2 112 25 -6 323 -146 -83 -34 -298 46 147 -372 265 152 13 -22 230 -85 -291 -237 213 -88 81 -41 1335 -493 60 -291 -291 280 407 88 367 186 -55 -206 203 55 168 -107 220 -218 175 -220 110 213 -121 229 195 -186 -181 -170 349 -433 -111 233 228 400 161 73 158 -33 102 -154 24 -17 -185 -207 -72 -36 -53 85 -86 125 44 -84 -243 -304 -361 -1 183 -98 147 -37 -231 47 -368 -121 53 -233 -83 296 302 -112 -250 74 -25 17 29 299 -423 -47 -408 -19 -114 -101 161 287 143 175 163 -112 -144 296 -179 -129 118 86 142 -6 -127 204 -224 78 -143 -458 -61 423 -21 69 -214 -20 -139 447 -60 -73 91 62 -299 -345 -115 299 -63 235 -155 -306 169 -17 98 -44 241 385 46 134 86 -72 354 311 -87 -185 -135 -263 129 301 -239 84 89 -10 -244 106 185 -35 814 -129 -293 -269 -250 25 -255 -96 -167
8 -52 -56 57 47 -57 -51 -109 -100 -20 -70 -84 -99 -42 46 -235 400 -174 -151 -139 -122 -11 17 -242 134 237 -169 -46 122 -63 208 -141 -187 -160 227 -12 -45 -16 -2 -533 -187 -489 216 -493 1549 -140 -177 419 -176 -130 185 -29 90 18 395 -209 -114 1 405 316 -215 -373 -101 7 -16 336 -526 -132 125 4 231 -61 576 211 53 -175 -301 -277 -49 -22 106 -341 433 -247 113 99 384 -113 -36 -48 300 310 -408 96 141 -40 -13 -49 286 125 482 -74 -224 -8 -81 -140 129 -240 18 -48 -245 -183 -4 128 -101 -38 368 209 -290 232 352 -67 -135 34 149 -107 -46 -297 -242 -241 145 200 -33 12 170 -91 -89 -134 425 110 -51 -154 -221 20 -22 -56 82 -261 117 -366 126 -182 -313 200 54 -210 3 -125 211 -348 -191 -143 285 56 65 -211 -155 40 -2 -18 -329 47 -285 67 -354 -249 -127 -224 -213 92 66 35 111 282 67 -154 741 -116 352 -588 473 -293 58 151 267 72 233 -94 -205 351
28 -10 89 23 -82 89 51 -45 57 157 1 -1 -46 110 -78 -123 -19 -81 -174 -253 -249 -145 -84 -137 -246 -302 205 54 137 113 191 -225 -27 -85 160 528 -29 248 -50 -65 17 43 -222 60 -140 1768 -111 -97 -227 -141 449 16 255 106 -311 97 145 60 -315 -160 225 -366 -402 -196 381 274 126 160 -190 -116 209 15 -308 -398 -55 13 148 240 0 296 339 154 209 171 -253 -9 -88 335 21 -430 -280 -199 -138 264 67 315 -207 -81 232 186 166 133 -183 -50 107 -173 244 196 -20 197 125 35 110 -604 -384 -14 -204 148 -124 48 -63 -26 250 -271 339 204 -250 139 -320 335 307 -229 82 -492 -226 -174 -184 -114 -269 286 -334 231 529 -159 -199 -133 -311 348 148 -143 -195 57 61 -2 -320 7 -739 -189 133 -6 -14 194 319 77 91 -207 -279 -95 -1 189 55 66 -128 578 -80 -173 -161 -134 -108 100 -5 306 516 -44 360 319 -277 362 83 -80 -179 -83 -325 -48 -32 21 -155 282 784 -244
28 -90 -26 138 46 -76 -32 -153 -37 19 144 194 188 163 64 207 -119 -19 104 -99 -175 -29 21 11 38 -59 185 50 -108 -265 -46 101 -230 187 422 -55 -459 145 265 99 174 -17 8 -291 -177 -111 1716 221 -133 -108 -382 -520 -11 46 558 -281 163 387 153 -47 272 -46 67 297 -114 188 -151 -146 288 31 -57 282 -187 -239 -79 188 209 -38 414 366 -131 389 -400 416 517 -118 206 -187 -86 -247 -106 -16 151 -353 -156 -7 -453 -11 -308 -139 -169 -30 24 -225 -149 302 -46 242 339 56 167 -178 583 47 337 365 -105 198 -598 126 -140 369 257 -56 -324 -137 151 223 -53 52 151 6 -123 -146 142 55 316 -130 -142 219 -75 277 -367 29 109 223 -283 488 -10 -64 289 231 143 -150 61 -143 -95 196 10 22 40 -171 -54 -15 265 -157 4 -28 -235 -63 -256 94 -76 -234 42 35 -16 470 -51 -442 -11 -413 -47 84 -41 -47 -249 142 -24 424 -71 -181 312 13 -136 -293 -235 11 218 172
40 -132 -5 148 159 -83 8 -86 40 -37 -77 22 70 -172 171 129 -5 -161 -124 -41 -195 -243 -339 -100 143 -113 -207 -231 -24 -149 303 -276 -199 -67 76 -93 267 149 -7 -477 43 -186 -93 -291 419 -97 221 1672 17 147 -151 429 -125 -117 681 -103 -142 15 202 357 -34 139 217 85 199 130 -106 -127 418 134 498 -53 228 -112 118 189 -97 -275 -42 -162 -196 181 -196 152 488 385 -93 233 1 -124 -182 147 54 -203 100 8 -59 350 164 60 134 -87 162 -243 47 -30 -96 85 45 -161 215 230 113 -214 153 144 305 -122 -294 -83 134 -22 155 144 72 181 125 -27 -123 443 351 104 -120 33 60 55 -291 -206 -211 513 258 267 -437 248 276 128 -70 -27 -189 -138 453 -333 -239 416 48 21 -360 -269 104 98 -124 -19 89 84 -175 -426 -182 -89 28 238 -131 20 -448 -201 -18 -335 -164 22 -752 -414 234 -39 -223 -73 449 -383 -59 282 208 -252 193 -202 -392 46 312 86 117 -351 120 -21
-8 -44 -64 -5 113 -83 7 65 -186 68 129 15 -99 -106 46 -82 20 -26 -67 -73 126 68 162 139 109 -80 -167 -98 -33 -107 -478 304 112 320 137 -292 -266 -374 -235 66 -377 4 -301 280 -176 -227 -133 17 1809 117 -60 9 329 -183 -118 183 130 457 369 0 -59 118 144 77 -216 -223 -277 156 -189 -47 146 -384 6 201 185 -93 524 113 335 -204 -169 113 -255 -69 -74 731 70 234 -298 247 79 233 -207 -616 -80 -13 171 329 205 458 -347 -225 177 92 32 -120 8 299 220 -177 348 -85 -255 -373 8 347 673 -553 -260 -13 -100 -119 721 8 3 205 250 -17 700 134 -352 -126 112 256 -24 -559 -202 336 130 -209 147 -143 -559 -170 -18 -460 50 246 13 33 -100 159 208 63 -389 368 -102 319 -386 20 75 -155 406 -217 -142 -19 -80 -15 212 -83 195 238 340 56 -66 -527 103 -148 -37 347 -586 97 -298 171 267 -223 -178 361 105 213 68 17 69 346 -360 -309 -482 -813 -286 -67
-28 98 -29 -14 107 31 67 -64 86 -93 -40 19 -88 20 -306 25 -22 53 -143 284 125 110 9 -242 -142 -233 -35 72 -61 90 -341 -103 116 560 66 110 53 -18 -111 -478 -303 -122 501 407 -130 -141 -108 147 117 1953 61 413 60 -50 -293 69 -19 148 18 52 -411 77 5 67 -107 519 -112 -221 140 -270 38 209 -78 -190 95 370 225 192 94 5 -851 100 -270 -491 -293 -207 -354 36 280 82 -217 42 -40 162 -136 -58 -197 -151 -310 227 158 338 -122 -49 -228 284 121 133 -80 -3 85 242 254 -99 -120 -445 85 -532 -180 -334 -25 -542 154 -225 -17 -54 227 -236 88 214 48 -93 -414 250 370 -300 49 -98 -260 144 465 236 -128 -147 -31 325 712 -26 135 6 230 276 -215 -547 84 -255 -76 76 -247 527 372 -199 -191 196 -92 -130 -162 -1 18 247 301 -173 386 -268 4 409 88 -281 -142 -210 11 174 114 -67 -59 -405 184 264 347 282 -283 43 -3 -19 -469 -108 -2 -429 -13 -225
