4 8 12 -18 -10 18 16 2 12 6 16 -16 12 18 -4 -20 10 8 -12 12 -4 14 6 -14 -12 8 -10 10 6 0 -18 16 6 -4 -4 2 20 10 12 -16 8 6 8 -14 12 20 -10 -10 -4 -10 -18 -18 10 12 6 -2 16 -10 18 0 16 -14 6 -2 2 8 -18 10 -14 14 2 -18 -6 0 -12 -18 -10 6 -18 10 -12 0 0 -2 8 -14 20 -6 8 -2 12 -8 -20 -6 4 2 -12 -2 -4 2 -10 6 -14 -10 14 4 10 18 4 20 8 -6 -12 -20 14 -14 8 0 -12 0 -4 0 -20 6 -14 -20 2 -20 -2 -18 -20 -12 12 14 -4 10 14 -2 2 -10 10 6 -4 18 -14 16 -6 -8 -4 -10 10 12 16 -4 -4 -4 6 -2 -2 4 -16 14 8 -20 16 -20 -2 -14 0 14 6 2 -14 -12 2 -2 8 16 -14 10 6 12 -4 10 2 -16 -2 -6 -20 4 -18 10 -8 6 -12 10 -14 -8 8 0 2 0 0 -18 -12 0 -2 -20 12 16 8 2 -8 -18 -2 -14 -18 -8 4 -10 -10 14 -14 -12 -6 18 -18 12 -18 20 -20 -16 -2 4 -4 16 20 -8 -10 -14 18 4 -4 -8 -12 12 2 -16 12 16
8 20 14 -34 -14 26 48 -16 16 8 12 -22 38 56 10 -26 6 8 -24 40 -2 8 16 -44 -4 6 -36 34 30 16 -54 28 14 4 -22 20 20 2 6 -42 -4 32 20 -30 44 38 -24 -18 -26 -6 -32 -46 4 6 -8 0 14 -8 54 0 18 -38 32 -22 24 10 -24 0 -28 22 -10 -42 -4 18 -24 -20 -28 8 -46 2 -14 18 -16 2 4 -28 44 4 18 -6 32 -30 -22 -4 -10 -16 -4 16 -22 -10 -10 -2 -20 -4 40 28 8 50 24 46 2 -30 -28 -24 18 -42 18 -2 -8 2 0 -6 -54 -6 -42 -32 10 -48 -10 -28 -30 -40 36 42 -2 26 32 2 -4 -24 20 -6 12 24 -46 44 -10 -6 -12 -16 22 12 38 0 8 -4 26 12 -16 -2 -52 40 22 -26 28 -52 -4 -48 -18 36 30 16 -42 -34 -2 0 14 30 -40 38 6 14 10 6 -6 -36 -24 -6 -28 0 -44 16 -10 6 -12 16 -28 -36 22 -16 -2 -20 -6 -46 -32 -16 -18 -34 12 12 32 -8 0 -54 -14 -14 -22 -6 -4 -30 -16 26 -42 -42 -14 20 -22 44 -42 50 -32 -26 -18 -4 12 22 48 -24 -8 -46 50 0 -2 -24 -20 36 -16 -48 18 32
12 14 97 1 15 61 56 2 62 88 116 -19 31 52 -33 -83 119 86 -24 -4 -39 104 -52 -50 -50 67 64 43 -3 -10 -57 4 61 18 5 -70 134 99 135 -5 98 16 68 -43 16 77 -2 -83 -3 -83 -46 -77 118 63 26 32 105 -54 45 54 137 13 16 75 -20 45 -132 140 -54 81 95 15 -50 -45 -36 -130 -70 -20 -11 81 -115 -33 82 -15 72 -78 44 2 -17 -61 76 29 -105 -86 87 116 -98 -68 41 -19 -115 89 -50 -88 42 -56 30 -23 -22 27 83 45 -8 -100 97 11 -17 11 -52 -53 -86 -3 -37 15 -61 -140 -9 -46 -15 -38 -121 28 -18 -35 -75 -21 -4 -15 20 -68 36 57 -122 144 45 12 13 -55 58 -94 1 78 -27 16 -16 26 31 -64 48 61 14 -48 -9 -149 4 -30 48 38 9 34 -51 -30 -7 -59 81 -10 41 89 -6 -9 3 97 -81 77 25 -98 20 -81 -60 20 -40 10 -87 -21 -24 76 -96 -22 -27 64 15 62 3 -17 20 -14 41 -81 24 134 -76 18 -34 -51 31 -77 -131 -43 -18 -41 2 101 47 27 -13 112 -41 16 -63 89 -32 -57 29 66 -74 127 94 20 0 -51 19 80 -51 32 -40 18 86 -62 21 48
-18 -34 1 246 212 -164 -8 -165 -8 143 28 231 67 -55 43 149 -10 22 154 -14 73 -85 -141 15 60 13 199 82 -58 26 -64 -164 -2 124 -19 -101 -84 66 67 73 -46 87 88 -28 38 -135 17 6 5 86 193 -84 43 -77 -51 43 -93 53 -20 170 11 164 31 132 -7 11 47 21 115 -106 58 96 91 -23 46 -51 -131 -173 98 -60 -47 5 62 38 -52 3 -50 191 -111 -84 130 35 67 -41 63 161 -12 -65 105 -124 22 98 103 23 9 -6 -133 -192 -56 -85 -11 80 154 90 -58 46 -55 49 158 -143 -44 -41 7 -172 -106 34 -62 148 -98 113 -5 78 -8 -158 -27 -150 -193 30 -63 -93 -3 18 -120 13 188 -4 32 15 132 -11 -68 -8 -97 22 166 52 76 -61 11 -31 74 -157 -15 63 -132 108 171 167 -61 -103 -2 -37 104 -79 8 45 -1 67 -5 30 -152 -47 67 32 16 34 -49 -114 90 -122 67 -17 -73 -192 98 45 -91 -102 -109 96 -54 -62 -79 32 134 -74 6 19 -138 10 -136 -69 174 -70 72 14 42 35 -100 52 157 58 218 43 18 -91 120 -34 -42 45 214 109 -22 64 -24 37 52 72 103 -20 -50 114 -51 116 130 20 47 -50 -147 -128
-10 -14 15 212 214 -122 56 -185 48 191 40 169 85 -15 37 159 -12 34 110 38 35 -97 -109 -21 40 3 127 116 -60 74 -142 -96 12 88 -1 -117 -56 100 89 15 -42 131 140 -90 54 -129 -47 -28 -5 104 173 -110 59 -31 -87 11 -95 45 30 134 25 106 91 118 57 57 63 5 71 -80 32 62 55 35 42 -43 -183 -189 28 -74 -37 -13 18 40 -16 3 22 203 -101 -98 146 -19 61 -37 13 149 0 -33 63 -174 -8 120 115 19 89 38 -137 -166 -16 -7 -41 78 154 30 0 -8 -77 51 190 -121 -36 -31 -27 -190 -112 -6 -56 120 -120 101 1 34 60 -120 3 -148 -181 0 -99 -77 53 52 -120 69 174 64 38 -19 100 -39 -74 32 -19 38 158 8 102 -13 31 -9 46 -105 15 9 -100 20 191 131 -51 -79 32 7 102 -121 -14 61 33 129 -5 88 -150 -21 37 38 -30 -30 -93 -104 46 -98 -5 -33 -71 -226 66 97 -111 -174 -55 44 -88 -54 -53 6 86 -98 -32 -15 -106 58 -84 -37 182 -156 94 20 -20 53 -96 62 165 48 212 5 16 -107 138 26 -44 83 174 119 -52 76 24 75 108 72 87 -58 -40 150 -25 124 130 80 27 -78 -165 -104
18 26 61 -164 -122 267 102 194 -19 -87 123 -152 16 -31 27 -119 41 125 -140 52 -67 171 55 -91 -70 48 -22 36 -32 81 86 159 110 -188 76 81 174 130 128 -4 172 -103 -33 43 -103 185 -12 -92 -41 -55 -128 98 91 156 88 -139 219 8 -80 -103 136 -65 -5 62 93 144 -177 -13 -207 80 -17 -21 -63 -71 -128 75 115 155 -133 13 -96 21 -9 21 169 -87 145 -91 43 72 -52 14 -105 19 18 -17 -100 11 0 130 -74 104 -79 -66 16 -71 42 29 -7 32 53 33 -49 -230 183 -19 -71 66 -88 87 -61 -4 63 156 -11 -168 -48 -141 -46 -109 -91 16 28 -21 -21 10 135 -55 0 -19 14 87 -114 133 -25 5 28 -24 -170 36 -78 42 73 4 -62 -126 -114 62 39 161 -8 135 102 -198 -11 -204 -46 -44 25 -27 -104 48 -44 103 94 -44 -7 81 88 -65 117 169 -71 -44 -103 -198 -11 -24 -209 58 -56 -12 59 123 -11 119 100 -12 83 -136 119 226 115 -54 -166 -49 42 -74 141 206 72 6 -203 37 -10 -86 -233 52 -32 24 -72 11 -63 60 -94 0 -124 35 46 -34 -272 -32 22 66 -92 58 35 -34 -27 -25 88 28 1 50 -15 76 -22 -57 18 36
16 48 56 -8 56 102 262 -58 4 62 41 50 130 197 153 37 42 138 -91 130 -11 -1 -18 -245 85 3 -47 214 87 169 -151 22 186 6 -56 75 82 68 67 -42 58 168 92 -29 83 107 -45 -160 -204 1 -35 -66 55 -26 -95 4 91 64 125 27 121 -85 214 -27 208 61 -147 0 -145 44 23 20 -31 46 -97 50 -92 -32 -139 -76 -128 115 -42 54 115 -139 122 104 -22 -62 111 -34 5 -12 -68 -21 -4 126 -59 -105 -112 40 24 9 157 73 -78 45 74 67 21 -41 -12 -100 162 -97 -99 58 70 -21 -63 -47 -90 -103 -166 -199 -11 -166 -112 12 -100 -30 93 -17 -51 -38 55 -26 -55 -101 57 -37 -52 166 -43 83 102 -4 -29 -36 -87 11 24 99 122 -3 111 128 18 116 -125 102 97 -136 -92 -218 58 -126 -137 47 14 76 -93 -76 89 11 51 166 -11 116 -11 98 2 -72 -158 -290 -152 -90 -62 -50 -149 -51 -39 -91 120 132 -42 -245 58 -125 10 60 4 -88 -105 -237 -14 -79 -42 119 48 -57 38 -163 -41 23 -160 112 -167 -94 53 72 -19 -50 -101 -46 49 223 -76 150 -58 25 -94 52 27 112 213 -8 149 -216 124 75 -26 52 -4 139 -84 -249 -67 5
2 -16 2 -165 -185 194 -58 411 -96 -197 88 -88 -88 -128 73 -65 45 131 -144 -141 36 52 161 51 -103 -29 -96 -109 -185 -102 300 99 142 -277 46 195 191 105 -103 148 118 -140 -303 134 -258 59 60 12 15 -127 -148 303 -31 13 186 -74 242 -69 -285 -66 46 -72 -182 -85 -55 -67 -121 -41 -50 -100 82 -18 -82 -158 -152 87 340 152 34 48 -134 -57 41 30 259 -51 -111 -319 -3 163 -249 105 -75 100 -62 -129 -155 3 44 266 -57 -131 -65 28 -117 -61 103 7 -102 -83 178 62 21 -136 139 101 -100 94 -194 30 28 124 144 254 131 -89 -64 -151 -2 -118 -103 120 -37 -94 44 37 190 -130 122 113 -70 51 31 -24 -42 -155 111 -74 -138 124 -14 -48 4 -83 -148 -93 -87 58 99 110 42 201 2 -2 -11 -26 -231 -115 105 -40 -148 -15 94 249 9 -62 2 -24 118 -183 135 74 -18 -136 -28 -89 129 12 -226 -36 -55 113 14 55 28 -84 244 135 112 56 65 179 110 -10 -30 59 188 -7 149 51 0 139 -150 378 -86 -74 -126 111 147 10 -132 -151 -9 154 -205 33 -252 -78 21 -109 -135 -24 -33 17 -152 60 -4 27 -6 127 -117 -32 -117 -45 -56 -169 -42 34 136 -52
12 16 62 -8 48 -19 4 -96 484 232 181 -134 -197 74 -339 20 22 -62 37 -41 -144 -88 18 -19 -261 116 -164 62 -157 -158 -211 246 -182 -98 109 -267 107 182 78 -231 158 187 115 -126 -135 -269 -220 -63 -55 -16 100 -82 12 125 86 -63 28 -170 109 -131 47 -43 117 67 5 9 98 310 41 199 80 -38 -176 121 93 -210 -235 -92 -160 6 22 -105 4 -141 16 -30 33 -76 8 -142 -59 88 -36 19 56 144 -79 144 -113 -180 -55 53 123 -100 173 155 -3 69 -182 277 -16 48 103 -170 246 -107 99 -52 -64 -25 166 -57 -192 -79 171 -52 -50 148 24 46 24 25 83 45 -38 -181 -181 -172 38 27 252 52 -80 349 112 88 -38 -82 199 36 -163 181 256 -190 -47 4 13 87 128 37 -47 13 104 -50 124 100 106 119 40 80 136 -49 161 -117 -215 83 182 293 -42 255 -52 -179 -206 320 -28 -21 116 -52 -46 83 -50 -67 -92 -144 -112 197 -155 -195 92 21 -72 34 -30 2 -40 -72 45 -259 71 271 69 270 72 -260 210 139 101 -85 151 199 80 -90 -42 -172 72 107 87 10 -42 27 -39 87 34 250 114 77 66 136 -148 85 -34 157 85 60 -45 64 99 -10 -127 -83
6 8 88 143 191 -87 62 -197 232 547 175 0 -126 -10 -13 243 149 16 -1 2 -9 0 -123 76 -133 -1 110 165 50 -25 -170 -16 3 68 126 -406 98 229 227 30 32 53 302 -246 49 -145 -272 -225 28 48 158 -65 172 204 -48 37 -79 -83 218 33 69 40 273 84 -159 177 -38 205 86 17 68 -11 38 -26 65 -243 -401 -385 -12 27 -104 -119 -52 -107 9 30 150 231 -78 -165 217 -54 -217 -137 -18 262 -18 -159 21 -294 -141 301 43 -104 80 73 -35 -46 54 121 51 168 30 -20 163 -138 5 58 274 23 37 135 -74 -340 5 -77 92 228 67 -19 -38 132 263 -36 93 -103 -154 -95 -168 22 182 134 -14 285 140 223 -45 -234 93 -243 98 331 -22 105 52 -97 64 13 173 180 123 -163 -59 8 60 -100 281 -3 215 -116 89 -171 -38 -240 -114 108 145 168 96 285 -122 -56 -116 205 -105 -106 5 -157 72 52 -230 72 -233 -332 -248 183 -357 -61 -94 41 -269 -64 -62 145 55 57 -41 -163 -158 43 -62 144 178 -256 150 -48 -43 -152 5 15 218 145 320 -10 100 -39 14 241 21 144 88 53 -35 88 -35 174 177 22 10 -113 -173 181 32 264 -160 147 207 109 -23 -101
16 12 116 28 40 123 41 88 181 175 479 66 25 -61 -115 -61 147 103 25 37 40 162 -32 -97 -284 197 247 270 -205 -123 27 100 45 -167 74 -53 179 420 245 20 266 -67 58 35 -143 -6 -167 -87 -38 -28 166 7 91 165 359 -74 256 -39 -80 66 158 105 -32 242 -123 112 -326 283 23 4 63 -125 142 -316 -186 -192 -91 -102 -137 60 -321 50 90 -37 21 -185 127 45 6 -60 96 120 -304 -23 186 315 -336 -101 161 73 -67 268 5 -115 -1 -69 -40 37 -235 105 279 134 168 -256 286 -21 108 211 -44 -64 80 -13 -150 -100 -184 -132 -121 19 -158 -153 -347 157 210 -140 -8 -244 -85 -36 61 -208 111 157 -226 410 132 56 -64 -136 92 142 -30 172 116 -145 100 -164 -82 -33 2 162 46 63 257 -35 13 -63 74 41 -5 -159 -37 -250 -5 30 -108 55 128 259 16 179 -116 -30 94 229 -65 -156 56 -375 -284 -136 -15 184 -144 -61 13 285 -179 -52 -111 167 17 50 -104 -153 -94 -53 201 -377 6 275 -83 34 -68 -117 128 -106 -48 -79 -40 71 -1 79 127 9 -206 21 -334 25 -112 58 -121 -38 -30 308 -333 219 121 -45 -27 -14 95 177 -129 115 19 111 72 -190 -30 -178
-16 -22 -19 231 169 -152 50 -88 -134 0 66 622 160 30 146 139 -145 190 152 33 381 -21 -112 -110 173 57 306 249 26 -19 78 -269 181 186 -223 46 -62 -105 37 213 -12 133 73 22 226 -64 31 -141 -61 -28 154 -99 63 -260 119 -8 108 285 48 411 131 123 74 -4 -156 -120 -202 -87 162 -228 176 147 234 -308 -48 -22 -41 -171 88 43 -210 38 49 48 -48 -84 -20 137 -56 119 185 141 74 19 56 34 -37 102 160 23 133 -25 -12 -48 -191 72 -1 -143 -153 -197 129 0 -2 42 -219 -58 40 134 31 -134 -164 -167 32 -239 -140 10 -159 -58 -106 1 -286 123 -43 -422 -156 -132 -60 164 -7 -52 -14 -12 0 -89 200 -49 0 155 24 225 -158 -61 -126 -165 517 66 123 -71 -232 89 -206 0 193 219 -22 144 133 21 -246 -227 15 -82 -51 95 4 -80 28 175 -217 -13 -13 -106 182 -138 -62 -2 -49 -225 -16 -347 114 122 -76 -104 219 -146 -76 -186 -164 107 195 52 -301 5 61 -265 90 -60 -244 74 -115 -347 244 12 -190 -40 45 157 -283 -10 94 203 82 10 -47 -46 14 79 -216 79 248 -24 -62 122 -186 -29 143 60 185 -12 99 -74 -145 149 29 -126 -141 -328 -112 -221
12 38 31 67 85 16 130 -88 -197 -126 25 160 511 28 99 -138 -18 46 -11 239 46 11 50 -140 186 40 60 141 -57 263 -151 -43 167 126 -234 253 -68 27 34 -26 -170 65 55 -36 274 181 33 161 191 24 -46 -282 63 -92 -132 18 27 137 12 310 61 63 -153 123 156 25 -4 -252 -72 -110 -72 -132 104 19 -185 81 -2 -6 -24 50 -102 6 84 156 1 -15 98 180 -53 -15 188 -256 75 -20 24 -23 -56 -62 119 47 4 25 -82 77 87 -25 -98 -102 153 -26 -15 -59 108 -125 -198 101 -37 133 32 -140 -231 -106 -86 34 -447 14 -98 -254 -312 -60 -190 -231 28 -39 29 45 47 160 -31 -126 -48 186 -117 -84 28 75 21 -5 -81 4 86 -105 143 40 164 -72 189 -154 -245 -159 -82 109 110 -137 2 -199 33 18 -202 55 -18 182 69 -83 94 23 -22 33 -217 -81 -95 214 273 -141 120 -59 -293 -37 -209 -174 38 71 30 6 156 7 -1 -151 -49 155 50 -133 -25 -296 12 -31 -98 44 96 49 -43 -225 17 -156 -56 -198 -220 138 -134 -77 -91 103 13 13 -186 -90 -25 -61 -209 257 162 -125 -106 -46 -73 196 169 -74 -20 -108 167 111 -88 -100 342 82 -198 -378 -47 102
18 56 52 -55 -15 -31 197 -128 74 -10 -61 30 28 580 -29 -153 109 139 -49 134 -16 -18 31 -300 7 -88 -66 89 99 -66 -335 -163 122 21 -57 129 -25 -157 -135 -159 80 271 178 -77 149 138 71 -162 -253 -70 -57 -106 -139 -223 48 283 -93 60 249 -43 -20 -342 150 -348 175 -268 -239 205 72 55 24 22 -28 47 178 -43 -96 -19 -77 98 32 101 -105 79 -101 -141 -11 -65 177 -86 104 35 2 -101 -224 30 38 204 -140 -152 -194 -304 159 -42 299 -34 131 275 41 221 86 -164 -46 95 154 -145 -38 -175 -64 -100 70 57 -226 -165 -6 -207 126 -287 28 54 -166 -162 38 136 -90 -23 16 154 127 -75 68 -229 78 60 -193 -23 56 32 250 -82 79 -98 -97 128 3 196 246 75 -50 -80 -163 52 77 -98 87 58 -219 -275 -272 239 66 -59 -252 -66 52 -59 182 32 -46 146 -73 28 -95 -17 -114 -130 -66 -155 74 -59 -112 -81 -20 38 224 -10 -132 -150 59 37 -88 -139 -155 -79 -20 -245 17 -112 -149 -92 -99 -98 107 -152 -72 266 -38 20 -169 -351 -116 -48 -95 -173 35 305 23 203 -75 47 11 -141 -157 3 129 68 91 2 265 -242 84 -112 -135 -358 -207 -78 -113 -206 88 276
-4 10 -33 43 37 27 153 73 -339 -13 -115 146 99 -29 583 259 18 143 -17 -135 240 -76 -71 -71 203 -129 56 43 166 89 90 -136 167 125 -68 172 37 12 -42 197 -103 23 -170 -8 59 90 86 -149 -252 76 -53 103 -30 -90 -183 -49 -18 7 -92 127 74 93 195 -104 39 89 -85 -211 -19 -189 79 -10 101 -12 -143 33 103 38 102 -278 -166 248 2 127 127 -172 -72 26 -134 124 127 -30 12 81 -66 -139 72 -119 48 24 37 28 -59 144 -20 98 -158 3 105 -197 70 -25 -67 267 2 -21 -187 141 176 -142 -41 78 48 -15 -204 -171 78 -41 -30 -34 -39 136 70 -70 44 175 245 -127 -76 -134 -146 -182 111 -186 -200 87 71 45 -186 -69 57 -63 -261 104 172 117 56 90 131 55 -71 26 -161 149 -254 -117 -3 -209 15 -13 30 116 -208 -60 166 -42 -155 -30 -40 -74 48 54 210 -302 -75 -121 -44 -23 48 -112 -140 179 -60 -242 75 -82 60 -75 98 -115 -49 -53 104 -17 40 -39 58 162 -164 -249 31 -33 130 157 -175 -147 -89 191 -2 -192 101 199 99 74 -103 -193 -102 114 -159 107 -36 139 -128 -221 36 -66 282 -128 249 -241 34 5 -100 132 -111 54 -19 -35 62 -157
-20 -26 -83 149 159 -119 37 -65 20 243 -61 139 -138 -153 259 701 -80 -75 -34 -178 52 -193 82 162 187 -145 -47 114 122 -46 -121 33 -57 75 -34 -171 -73 123 30 287 -14 68 71 -186 59 -443 -264 -163 -14 228 236 -22 -90 112 -244 -90 -157 -113 -213 -92 -6 193 268 -96 -69 221 250 -48 185 -217 72 -40 186 74 64 61 -130 -132 -82 -238 -43 -8 -165 -40 117 16 67 116 -238 97 -83 -114 290 25 -151 -96 114 -133 -40 -179 78 130 152 142 -73 288 -97 3 85 176 -69 -17 27 39 258 -89 -141 214 224 21 112 53 24 -313 103 73 55 135 34 -3 188 89 123 -208 182 -44 22 -107 -54 105 268 -85 176 -24 8 230 52 -40 -90 241 -248 49 119 -148 98 118 45 206 63 140 87 -80 -140 209 -86 5 58 -128 77 -103 180 104 -35 -154 -325 -39 -106 52 107 225 -88 -278 191 -90 -227 -35 -64 65 118 24 -117 108 27 -433 -42 -75 -151 -173 30 -11 -17 -69 -22 85 73 -42 68 58 -160 -11 249 176 321 9 251 61 98 190 36 74 177 123 261 -1 198 -380 226 151 78 -42 37 273 -283 -50 196 -24 125 -110 45 -25 -157 53 31 381 -40 132 -144 75 -246 -385
10 6 119 -10 -12 41 42 45 22 149 147 -145 -18 109 18 -80 529 -83 -174 -177 -237 171 -51 -102 31 67 66 88 11 -3 53 53 112 118 34 -83 142 191 170 75 135 -149 52 180 -26 63 -95 -104 48 -179 10 148 -33 149 -160 207 102 -41 14 45 51 129 39 124 -148 -52 -221 424 -19 296 153 -96 -87 -78 -100 -50 -43 -70 118 77 -284 73 277 -89 -50 -55 -205 26 -65 -303 81 -101 -206 -67 -27 212 -41 -160 -5 -152 -369 110 20 4 20 -201 -109 206 150 -12 291 64 104 75 197 324 -21 124 5 -73 -79 95 -27 13 -200 -117 293 -145 -37 -21 -262 97 30 111 69 84 153 -102 147 -26 -12 103 -38 375 -178 -42 -12 -270 158 -212 278 208 -204 253 -140 32 31 -48 119 126 211 -181 -63 -120 -68 -97 -64 -137 2 212 -180 -131 -138 -141 149 124 166 -190 90 23 -77 124 22 45 -29 -104 33 -145 6 132 98 57 -142 -129 -3 172 -276 131 -162 298 -227 -161 144 34 53 154 139 -19 -56 -194 -195 246 -131 -130 40 -59 -115 -107 81 -275 -124 25 57 140 -118 54 -178 49 0 161 95 -132 -13 -107 -92 204 137 -165 71 -139 -246 248 78 -20 -144 -104 73 -130 164 9
8 8 86 22 34 125 138 131 -62 16 103 190 46 139 143 -75 -83 569 87 161 296 124 -68 -138 -163 11 103 -61 -71 -69 -79 -69 242 -97 172 176 136 50 -21 136 144 56 182 -238 -36 98 41 -252 -60 -62 -26 -47 105 -68 212 -179 26 130 -75 162 213 -227 118 -101 109 -15 -342 -88 17 -236 125 179 -41 -172 -30 -161 111 -36 64 87 -19 -33 -199 213 267 -173 80 -224 86 226 41 218 -240 50 -98 55 -70 113 211 132 -134 24 104 -298 252 25 150 -173 -106 -27 74 115 -69 -159 86 -151 -368 21 -16 -183 -156 69 54 -118 78 -406 -175 -115 -28 -72 -259 69 99 -234 -143 -113 -9 85 -26 -117 -18 -1 -120 -119 181 -50 85 43 -75 -95 -136 -53 -154 28 180 -20 55 -127 56 101 -107 204 130 -2 42 7 -6 -52 -2 -178 -34 91 -57 161 74 -134 104 300 128 -174 -50 225 -216 -118 -11 -180 -42 -291 -199 -130 -156 29 -111 -89 150 -111 177 -205 210 -48 7 216 -106 -15 50 -361 63 -197 -96 327 -246 -83 46 194 -70 -55 -423 195 -95 -176 -25 68 234 164 -5 140 8 15 -69 -113 -139 -46 -123 95 -207 142 279 208 215 -119 109 -28 -318 -49 -95 -102 -24 -127 59 152
-12 -24 -24 154 110 -140 -91 -144 37 -1 25 152 -11 -49 -17 -34 -174 87 542 -148 224 -12 -141 162 -282 62 86 -220 -162 -319 -38 -99 -338 -73 185 -55 -97 -88 133 -104 -146 32 -30 3 -29 -151 124 155 -295 124 206 -135 -190 -94 103 -386 -114 70 -17 52 -15 10 77 70 -90 77 65 -55 54 -50 162 -4 45 18 -86 -338 157 0 21 -230 -33 109 -73 -13 -68 62 56 -154 107 108 66 270 58 133 62 38 31 -87 160 -7 310 -87 158 -90 -1 128 -51 -80 -258 -13 -86 139 46 194 -198 -168 -21 -151 -101 -327 61 -43 -96 73 67 -12 -247 335 -114 161 13 11 -70 -30 -89 -5 -239 41 -59 -410 14 -269 -160 -119 87 19 -156 236 200 -92 81 -100 -185 -209 177 18 -96 -58 -50 -182 -303 8 47 137 -61 265 207 278 -89 -259 100 61 5 -133 -63 28 -52 251 -116 -149 -80 -95 6 181 159 356 130 -118 -104 -207 186 34 -133 -65 -52 -200 -11 -50 112 88 -98 -156 5 -67 234 -13 -63 -131 37 12 -163 -152 275 -5 51 -14 112 -54 -12 190 183 31 33 -100 210 105 -48 -185 -160 -53 88 279 59 70 -44 -264 199 121 137 78 139 82 -115 -196 59 -16 296 148 50 96
12 40 -4 -14 38 52 130 -141 -41 2 37 33 239 134 -135 -178 -177 161 -148 774 -23 117 -123 -175 69 96 56 194 252 287 -223 48 181 15 7 254 -168 34 -185 15 -79 27 323 -211 199 191 -123 54 310 89 34 -243 173 -53 76 186 -93 147 188 69 -83 -193 -54 118 224 -9 -73 -97 -61 -158 -394 5 100 -78 -10 192 -213 -65 -85 275 300 54 -322 237 9 -56 288 308 103 -151 129 -115 -317 -67 -74 96 -42 305 67 72 -98 257 98 -147 277 -58 28 -112 193 69 -277 -196 -102 -303 -125 -105 -73 -13 228 253 -101 -81 -55 -397 -243 18 -22 -260 16 -156 20 -268 274 241 -116 -145 -99 371 -192 -73 -182 128 -98 -125 131 27 76 -16 -188 42 -92 -131 189 313 51 -271 -8 -178 -258 55 110 172 313 20 93 -304 69 -133 -71 -65 -71 -68 -16 153 -96 13 122 -52 246 227 -334 97 -33 94 13 -193 -327 -170 140 20 -174 -214 70 281 121 143 98 -173 -135 -222 119 -25 -333 -173 -247 -458 -326 -215 -188 315 26 -218 -182 -105 32 69 -126 -109 -248 -175 -118 -111 -47 59 -162 -97 229 244 144 -36 -177 -345 -82 15 -234 204 -168 108 -168 -183 311 -121 -71 -35 83 186 -289 -246 -90 202
-4 -2 -39 73 35 -67 -11 36 -144 -9 40 381 46 -16 240 52 -237 296 224 -23 969 -151 47 -69 -131 -120 353 -68 -128 -405 -95 -336 240 0 -71 156 34 -29 -143 107 -122 1 -135 -4 36 234 118 -92 32 -18 -134 158 112 -23 214 -139 -70 190 202 231 155 -142 72 -109 14 -136 -401 -83 157 -172 77 -183 216 -152 66 -153 229 -94 202 -320 -16 46 -128 164 -27 -225 -177 -191 -71 317 332 132 -150 306 115 75 114 -48 87 259 164 -106 99 -202 -96 -167 -58 -162 -73 -98 -102 18 -223 193 -220 -54 24 -21 129 -113 -126 135 -143 -41 -43 -81 -271 22 6 -24 -275 89 -209 -250 -94 55 -156 -64 -34 -111 -74 -48 243 -64 140 -215 -177 16 -87 -35 12 219 43 -308 344 -59 -110 -107 -75 34 -241 -131 7 385 -2 276 -49 -29 -188 -322 100 -25 -116 66 90 13 67 104 -301 111 210 -124 180 -19 65 241 163 -188 32 -399 -193 482 -76 109 121 -292 272 105 42 338 -100 96 -466 65 253 -217 35 40 -85 -253 -102 -183 29 157 -81 -115 15 -68 -52 -27 279 214 173 28 70 163 -133 7 -41 -16 -132 74 24 11 -141 -219 218 108 159 -252 91 -122 -142 -174 -195 210 -39 -187 214 -25
14 8 104 -85 -97 171 -1 52 -88 0 162 -21 11 -18 -76 -193 171 124 -12 117 -151 665 -153 213 -121 125 237 22 205 -47 305 106 -124 121 154 -34 151 4 273 158 133 -269 410 -50 273 99 -103 -323 113 -73 52 -189 20 263 98 -224 288 124 -26 -20 255 13 78 273 -277 106 -357 200 35 209 30 -33 85 -148 -73 -104 72 227 69 316 -130 48 -84 -82 135 -12 262 10 71 -24 65 106 -259 -81 -44 142 -73 -33 209 3 23 227 -154 -282 -40 -119 106 64 -16 -83 38 93 -310 -143 27 8 -11 68 -257 62 -338 -75 261 0 -62 -149 217 -201 131 -222 -179 -84 60 -62 -44 175 185 262 4 -80 -13 66 -186 20 15 213 -123 180 -241 107 132 -16 -171 272 -49 -26 -228 -332 -326 172 -92 -56 293 -156 34 -51 58 -132 2 -108 -332 -167 -302 101 -28 -145 -16 116 122 -306 -18 260 -88 200 75 63 -73 -86 -22 195 253 10 -61 284 -165 -24 -163 54 -159 -89 204 181 54 112 -101 13 -59 -224 12 270 -101 -287 -140 -22 -69 -138 -298 -143 -131 -145 -238 76 -48 225 119 79 -140 96 93 -57 -192 -253 -65 -77 -257 107 -87 -94 -110 101 27 95 4 73 -143 -173 74 -15 -3 279
6 16 -52 -141 -109 55 -18 161 18 -123 -32 -112 50 31 -71 82 -51 -68 -141 -123 47 -153 708 3 -40 -142 -308 -114 -240 3 -84 23 220 -140 -249 189 101 -153 -320 146 22 -171 37 110 -70 -87 -38 54 278 -11 -118 -124 -194 161 58 -142 -70 -65 -71 -236 -92 -301 -48 -346 296 -140 -60 -280 71 -45 -66 -166 75 147 -48 198 262 -187 -181 -42 -30 -434 -70 -72 -8 208 -106 -291 -25 220 -255 -152 236 78 -131 -266 140 34 -67 96 -47 -446 19 28 112 143 220 56 109 222 174 113 -33 -180 273 121 36 55 -205 257 161 275 -81 122 230 117 -65 -117 -206 10 -115 -293 -59 -108 469 -40 -28 29 235 307 320 98 430 -6 86 85 42 -75 -127 104 44 25 430 -207 -257 -21 183 47 -73 -177 -117 232 -17 14 291 -34 -313 -260 134 -35 192 187 46 165 -224 -131 -215 79 -101 -39 250 133 206 -232 -57 -124 -99 151 -358 -33 -242 252 53 69 54 -262 286 299 100 290 -148 42 40 18 149 222 187 127 377 -164 98 105 -173 174 97 161 -202 235 101 -78 -233 -73 172 -139 -102 7 -138 -46 121 -38 35 -2 -325 -85 74 306 -131 -141 50 119 -176 -219 -161 -266 192 24 -233 11 26 113
-14 -44 -50 15 -21 -91 -245 51 -19 76 -97 -110 -140 -300 -71 162 -102 -138 162 -175 -69 213 3 870 -184 -268 -20 -377 -75 -322 253 -1 -448 -139 101 -281 -33 117 76 169 -322 -41 -90 -198 175 -290 29 46 238 124 29 -75 -182 149 -73 -293 201 -223 -14 -203 113 6 -100 -32 -418 121 341 -130 287 -9 162 -126 29 231 37 -78 121 80 181 132 -24 -205 -241 -93 371 271 232 -226 -182 19 -90 25 150 -56 -263 -33 -97 -108 102 -3 451 -87 5 0 -195 67 26 -98 -38 -16 -368 118 -163 96 -251 69 -45 -103 -280 21 -106 253 311 209 193 147 126 139 246 -109 410 -144 -100 32 157 361 62 35 -240 130 -6 -85 24 -349 165 280 -16 169 -200 56 173 -52 -70 41 -344 -123 -225 -140 -249 -19 -112 -116 -143 30 44 148 125 -7 152 -99 -286 -127 115 -129 -287 -97 -19 191 81 -300 -56 -80 -108 297 183 445 78 422 129 104 125 7 -45 15 -451 -229 -36 159 2 92 -65 -75 142 176 268 272 -323 31 160 -15 4 -75 323 220 72 -106 -25 -116 157 251 42 -225 -30 79 194 28 -26 37 86 -117 126 112 -88 -194 34 -26 -192 101 -149 414 -353 239 -28 -9 -111 -251 260 587 -20 189
-12 -4 -50 60 40 -70 85 -103 -261 -133 -284 173 186 7 203 187 31 -163 -282 69 -131 -121 -40 -184 779 34 -63 169 393 401 -151 -102 314 306 -339 -20 -152 -140 -37 237 -70 2 -93 64 303 -101 65 94 308 15 -25 -106 59 -92 -336 305 52 44 37 246 35 336 -82 -57 -33 1 277 -81 -160 0 23 145 64 -108 -75 345 -189 -66 29 -18 -82 -128 236 87 -111 -39 -64 259 -212 -191 40 -232 257 -161 89 -145 153 154 -3 90 -9 132 -54 170 -275 19 1 11 278 -190 4 -348 -62 6 -236 248 -83 38 230 259 -144 -172 168 -39 -253 275 201 -227 -19 -2 23 28 -202 -13 -125 105 235 80 -68 123 -100 36 92 -292 -152 -89 79 -37 -112 69 -302 -11 -53 34 47 171 59 31 -58 102 165 -196 -211 33 -69 -185 23 -27 -153 249 22 279 -165 -102 150 -178 -114 -434 -79 38 -120 -35 144 -402 -73 -248 -125 279 212 95 182 -158 131 -78 134 31 -199 25 -156 -46 303 -182 -46 -34 25 -163 -95 252 -335 -152 152 -51 -54 26 -125 -24 -38 105 -169 -161 -104 320 -181 -16 1 -280 448 144 -66 17 163 -147 41 -250 68 33 -133 -185 14 -149 65 -115 90 228 25 -4 -372 -245 -93 -235
8 6 67 13 3 48 3 -29 116 -1 197 57 40 -88 -129 -145 67 11 62 96 -120 125 -142 -268 34 683 -164 110 214 15 51 29 40 93 38 186 131 -45 67 46 -13 -186 237 28 -49 -108 -141 164 56 19 249 -142 146 71 80 -25 46 -12 -11 403 -28 77 -28 488 -37 158 25 384 -279 117 -52 -46 -180 -326 -236 -295 9 -71 -100 79 -177 32 332 -12 -28 -110 32 55 159 -307 -86 137 -186 123 464 64 125 143 212 -42 -46 224 -118 -156 -71 77 -50 -61 -91 -192 342 -99 -49 -261 -87 63 136 -62 -16 -15 137 -331 -59 132 -264 7 -30 -107 -119 73 -351 95 69 27 -202 -52 -9 -19 275 -321 -160 30 -168 70 74 7 -158 -67 -56 103 46 -64 29 18 186 97 -174 -175 101 66 -23 49 369 37 -1 94 115 95 147 -42 164 244 -26 140 -186 76 -178 56 -127 -36 -1 -3 -68 166 185 48 93 -279 4 -16 231 52 -307 107 -211 -20 -221 -30 -129 -122 440 33 -23 -195 -118 -37 173 -327 -63 242 141 80 -284 -48 -30 97 -74 -150 -58 -62 18 290 -25 -141 -73 -78 36 27 -189 244 -90 -223 160 113 -250 -15 169 231 -392 51 314 -2 -6 116 135 47 6 -314 54 -113
-10 -36 64 199 127 -22 -47 -96 -164 110 247 306 60 -66 56 -47 66 103 86 56 353 237 -308 -20 -63 -164 1142 197 -153 -97 36 -386 29 75 15 -215 -175 330 503 288 222 -138 111 -53 131 335 194 -345 188 45 117 166 342 -2 222 182 122 124 160 139 116 352 26 166 -211 147 -600 38 253 1 -86 47 470 -387 204 126 -336 -29 124 103 82 224 -12 38 -416 -178 72 332 -106 183 518 -44 -312 -247 317 645 -212 -425 122 -26 -8 475 165 -63 -112 -477 -140 -265 -76 -80 -25 107 52 270 8 108 184 100 123 -3 -250 91 15 -250 -117 -198 47 131 -23 -297 -119 154 31 -76 -98 -116 -199 154 -132 -75 -208 80 -145 103 363 -38 -252 143 178 148 -62 142 -208 44 349 36 -122 -102 -154 221 361 -405 16 -17 -75 152 42 217 -268 -112 -222 -505 -177 4 437 -59 -5 -15 97 -6 -60 -48 236 93 -187 83 145 -464 192 -316 26 -68 138 106 258 300 37 2 -438 250 -117 191 -394 50 -78 -104 -164 191 -282 69 -395 -422 7 -121 174 -180 72 -73 -330 42 16 259 80 56 -103 255 -215 -204 48 -172 -218 -89 116 24 -264 -196 -336 -194 191 -117 78 -10 -53 237 -138 17 82 -34 -274 -203
10 34 43 82 116 36 214 -109 62 165 270 249 141 89 43 114 88 -61 -220 194 -68 22 -114 -377 169 110 197 834 56 276 78 57 265 69 -20 70 19 271 142 -124 192 266 212 108 114 -88 -256 -305 -184 2 304 46 259 -80 177 284 213 111 4 112 107 251 141 213 55 -62 -255 209 -42 -168 -215 35 263 -334 -81 47 -344 -55 -186 70 -191 208 -13 -132 -143 -236 96 549 -118 -70 90 -34 115 -186 243 123 -105 12 120 -78 -61 241 -276 137 -182 15 -133 14 -88 -40 300 -95 204 -308 254 -322 308 407 161 126 -50 -317 -110 -317 -265 109 9 -103 -177 -104 -272 284 303 -222 -57 -320 -91 10 -17 79 114 198 -12 437 -45 54 40 -50 143 405 -211 10 328 -5 190 71 65 146 -105 121 82 24 296 -92 -169 -254 26 -82 -231 35 115 -175 -76 -19 -52 48 110 -7 23 234 -146 -88 177 -16 -152 -514 -257 -183 -125 -152 -15 80 -89 -129 293 357 -281 -354 -124 -229 163 121 -175 -5 -361 -33 223 -292 -187 219 142 -206 -18 -291 -169 -38 194 -47 -351 54 70 268 20 -59 -227 -157 86 270 18 137 147 -78 3 394 -191 229 -105 -220 59 -172 232 142 101 282 233 292 -325 -619 -289 -302
6 30 -3 -58 -60 -32 87 -185 -157 50 -205 26 -57 99 166 122 11 -71 -162 252 -128 205 -240 -75 393 214 -153 56 1156 139 17 -49 -65 467 -298 -72 -41 -398 -28 261 -49 -93 178 -34 359 213 -156 -146 -142 -14 -155 -415 78 59 -297 122 -207 11 184 -29 -26 38 102 -4 -58 126 58 146 -102 127 -49 169 169 -68 167 -32 -156 171 64 200 -11 238 -50 74 -8 -262 102 282 25 -189 177 84 -248 -20 120 -51 90 96 11 -76 -51 331 -222 -68 -146 -99 -22 256 191 -200 -120 -299 -449 81 -157 20 199 142 -17 274 -47 -174 56 -299 -229 42 227 -195 468 5 141 -59 2 296 -474 -32 138 212 -45 -371 -191 -66 202 -110 -323 -68 132 64 -105 -219 80 16 -365 251 81 145 -32 -15 -16 179 37 -181 -147 343 25 -190 189 -242 65 131 -26 47 -447 -28 -43 -61 -54 -345 152 167 86 -175 -83 -9 120 -87 -247 149 562 287 24 -92 17 154 -220 -203 -274 166 -222 -295 405 28 -214 -5 -39 -295 -95 -83 -254 -1 339 -11 -340 181 -111 21 198 -260 -188 -368 -47 316 -184 -47 178 -46 200 441 15 253 -328 -249 -26 -360 -116 -35 25 -180 -132 -79 309 -341 27 257 -505 115 -63 220 238 -3
0 16 -10 26 74 81 169 -102 -158 -25 -123 -19 263 -66 89 -46 -3 -69 -319 287 -405 -47 3 -322 401 15 -97 276 139 1171 -154 269 249 271 -163 -79 -151 -238 -268 -137 117 46 280 100 -46 204 107 -17 110 -132 -61 -143 76 151 -233 219 48 131 -35 107 9 98 19 223 137 165 182 -480 -222 38 -310 266 239 35 -66 348 -417 -218 104 127 -16 -88 63 -135 -175 184 17 533 -74 -149 120 -276 -128 -343 63 -140 -119 224 -213 154 -364 145 -330 58 252 192 -95 -68 257 -4 -29 161 184 -52 -92 106 -42 134 266 168 -71 -165 -42 -241 29 -124 140 198 -120 183 254 -92 245 -148 161 -128 84 -3 -152 323 -36 381 -286 -51 17 99 101 -192 -136 -239 -219 49 -6 293 38 -272 225 83 76 29 296 211 -90 -401 -18 -617 321 -24 283 98 -93 57 71 255 324 13 -304 83 174 118 -91 561 -86 -333 -293 -543 -407 161 -145 334 -34 -264 347 -108 233 497 60 -99 32 -367 65 225 345 140 -320 22 -45 402 -79 51 -67 -19 -374 -205 -254 -180 -377 214 -39 -249 -55 79 170 152 -339 -625 140 -134 97 47 98 -143 175 147 101 272 -172 -137 106 -83 251 -57 51 439 463 40 -93 36 -169 -282
-18 -54 -57 -64 -142 86 -151 300 -211 -170 27 78 -151 -335 90 -121 53 -79 -38 -223 -95 305 -84 253 -151 51 36 78 17 -154 1391 -120 -67 125 -96 136 140 -198 151 272 -161 -122 -156 488 -33 95 14 -272 -253 -65 25 365 53 -243 267 -229 265 153 -85 15 35 168 -73 191 -127 -228 -360 -55 -48 116 196 266 -326 -133 -130 218 475 307 -91 322 -43 116 75 -64 145 134 -245 -31 2 150 -297 127 24 347 -40 -262 5 54 321 -157 165 -148 -486 189 -315 -107 -81 -279 -163 -862 232 158 -181 -98 -266 120 83 197 -130 134 -295 -37 626 201 -4 160 -151 -92 170 -97 -125 190 -42 -158 122 98 107 -70 92 105 -311 7 301 71 212 -27 348 380 -298 361 159 -300 -261 421 -42 66 -57 -181 -85 44 -227 192 148 303 -90 12 -78 27 38 -327 -282 -134 300 426 -61 120 -15 -117 48 -636 325 -4 -7 -33 288 -38 86 139 155 -37 262 -25 -117 122 -92 -199 301 51 -202 -286 190 399 323 366 -173 245 215 -170 458 11 -42 -137 -91 233 -319 8 357 -97 -97 332 -107 -271 -207 336 -139 36 -309 275 172 66 139 -56 124 -192 -232 -80 -61 -53 -43 300 -559 -164 375 101 16 -325 64 72 -127 -11
16 28 4 -164 -96 159 22 99 246 -16 100 -269 -43 -163 -136 33 53 -69 -99 48 -336 106 23 -1 -102 29 -386 57 -49 269 -120 1338 -85 -135 261 -113 389 114 -290 -251 356 -148 -175 10 -198 -235 -324 -32 -16 -235 -199 -141 -186 308 -415 -440 -38 106 -463 -570 -135 235 144 266 -105 -34 286 -127 -107 12 60 -47 -44 71 -250 -166 33 346 119 -165 -61 56 -33 -307 185 183 -38 -182 -77 -99 -97 144 -160 7 -298 -130 -168 36 -296 319 -139 321 -161 -61 318 489 207 162 -57 322 -289 212 137 -232 276 -189 -23 513 -87 127 -88 -227 -135 -215 331 202 196 69 -99 -130 144 -31 150 321 -91 -128 274 40 -135 197 340 258 -313 277 -354 140 -126 14 -286 -84 -174 234 357 -463 -59 -218 15 -70 -189 73 -27 355 25 -53 78 -429 385 -69 171 255 27 -74 0 -218 45 -25 209 96 240 276 -234 72 29 73 -283 -306 -41 213 -436 449 -216 -100 220 -223 69 35 91 -247 344 -153 -163 -263 205 158 -233 -27 -199 -110 -71 481 182 219 -65 -220 54 -436 -295 75 712 -39 -268 -332 -339 98 -267 -235 146 -291 -28 -138 -225 17 -198 49 -135 214 -3 -152 -275 134 151 383 177 324 -205 81 -145 -148 -67 -150
6 14 61 -2 12 110 186 142 -182 3 45 181 167 122 167 -57 112 242 -338 181 240 -124 220 -448 314 40 29 265 -65 249 -67 -85 1082 -152 -190 262 268 28 -314 141 66 -131 -213 41 -4 248 128 39 165 -73 -258 69 354 -98 63 295 -4 318 38 31 -117 -61 21 -135 323 -153 -394 -147 -301 -174 100 346 -97 -418 -294 107 218 -451 52 104 -212 -411 184 133 169 -43 -198 42 -63 -163 -79 36 -132 -110 109 -31 -25 147 4 300 -273 13 -207 69 57 -2 258 -271 317 -261 327 -2 -31 -427 -5 140 -93 129 227 353 -42 134 112 -127 -115 141 4 -354 -72 62 -370 133 -274 -217 -83 -158 61 193 12 379 39 277 226 80 208 -394 144 -288 -189 -106 -156 238 109 7 -116 70 122 -273 -199 79 117 84 -4 -143 100 -328 -35 -231 -73 138 170 -7 -80 128 192 -69 49 -257 66 190 -6 185 38 -276 -311 -677 -86 -99 -163 -85 -498 -28 -133 88 170 -91 202 172 -197 172 80 -40 -259 209 70 -136 41 -41 -87 91 -124 -159 -210 87 -186 -109 -433 63 -71 -341 -78 166 143 32 -498 -7 209 308 75 67 65 -452 -94 103 -438 312 -173 186 135 -327 -36 -78 -122 61 -36 206 -439 -544 124 -42
-4 4 18 124 88 -188 6 -277 -98 68 -167 186 126 21 125 75 118 -97 -73 15 0 121 -140 -139 306 93 75 69 467 271 125 -135 -152 1368 -458 -44 -269 -162 -27 -10 76 -149 544 98 219 68 -178 -240 273 -158 -67 -412 138 50 -331 219 -114 -131 186 441 438 304 264 84 -94 -61 -218 58 308 337 -26 66 -168 624 -18 26 -314 8 -66 151 182 229 194 6 -358 -180 -115 306 -19 169 -25 -292 -20 165 215 -173 372 -16 99 -143 -216 93 -203 -324 17 74 -185 242 390 -168 110 -93 -473 209 -102 282 -62 14 130 -137 -389 -287 -175 -361 -465 -257 155 101 268 -56 54 -67 0 -410 285 173 186 158 271 86 134 -49 316 -55 43 337 58 220 -210 -115 -231 -93 -198 450 297 403 209 -358 50 -134 -134 -263 -129 216 -80 261 -46 28 52 20 5 -35 -152 54 108 34 -187 71 -447 -75 223 101 188 -143 468 183 -185 78 402 578 342 266 -58 39 23 183 -47 23 -207 -21 103 119 165 -19 -99 21 367 277 -162 -340 -129 117 -103 -324 -190 -16 288 175 -11 -349 1 388 14 462 472 -288 130 -190 -61 -33 252 -39 182 -146 335 269 171 -302 -68 -217 -101 -257 196 414 310 93 50 -121 -97 109
-4 -22 5 -19 -1 76 -56 46 109 126 74 -223 -234 -57 -68 -34 34 172 185 7 -71 154 -249 101 -339 38 15 -20 -298 -163 -96 261 -190 -458 999 60 16 279 139 -173 -54 -91 217 -194 -156 -409 -154 11 -107 112 479 324 -73 75 137 -241 -34 173 -356 -91 -36 -185 220 231 -9 140 183 63 -82 -251 -248 -76 -13 -178 -62 -164 74 35 286 -164 258 192 -308 -147 92 67 174 -11 139 52 -144 135 -17 -41 -45 159 287 -149 100 -13 140 242 131 -221 -33 67 -44 -62 -98 123 -45 172 143 31 130 -510 -135 -82 -75 -131 191 -93 89 172 334 -60 149 249 -59 -134 -8 313 304 158 -52 11 45 -119 -157 113 -83 82 -285 36 -84 -41 -388 -177 109 -62 176 92 8 89 -100 -137 -339 98 73 64 287 6 277 -223 -131 -32 -37 132 177 -31 50 107 -72 -31 -107 117 151 -112 359 -126 -142 109 -323 51 53 135 -13 -165 -232 55 120 -189 -255 -3 -23 -46 -40 -221 366 -325 -249 85 133 177 -130 111 -165 -126 -193 218 -68 34 149 116 45 47 -184 -118 -41 106 163 -98 79 35 37 12 183 -248 275 -318 66 113 115 193 -60 -261 11 180 103 150 226 437 75 -27 29 60 97 -20 20 139
2 20 -70 -101 -117 81 75 195 -267 -406 -53 46 253 129 172 -171 -83 176 -55 254 156 -34 189 -281 -20 186 -215 70 -72 -79 136 -113 262 -44 60 1309 -41 162 -476 41 13 -2 -14 -72 28 186 -62 232 67 -3 129 106 -187 -305 47 0 -268 45 -132 93 -235 -236 -114 -113 723 -397 -375 4 -102 -292 -583 -215 -219 54 -213 62 320 83 129 -132 227 570 -343 292 286 48 -90 -130 10 245 -350 -104 333 83 200 -476 437 131 108 68 -89 -246 -122 -88 269 271 -150 -72 150 -10 21 -382 112 -142 97 136 -210 116 -53 -69 -12 -17 -238 221 -316 26 -110 -375 -343 42 -304 83 236 119 108 72 183 50 505 109 -440 -415 278 -4 -186 -76 -44 12 -339 350 423 -535 444 212 -10 225 28 -42 -163 -374 -68 472 210 60 -149 65 -609 -233 -80 66 142 245 72 134 15 93 -335 -74 -121 -355 -6 166 362 -119 317 -115 -379 -379 -26 -204 -118 194 13 416 540 -485 550 -174 133 -409 53 224 -29 -424 -267 23 355 -113 55 -31 140 -40 -148 250 5 97 -9 286 -92 -301 -362 -246 42 4 -268 -61 -84 -133 170 3 124 -111 -382 6 -213 138 106 207 -173 -119 426 -34 -179 -446 483 -28 -335 -442 29 437
20 20 134 -84 -56 174 82 191 107 98 179 -62 -68 -25 37 -73 142 136 -97 -168 34 151 101 -33 -152 131 -175 19 -41 -151 140 389 268 -269 16 -41 1198 -171 -219 104 256 -55 -233 51 -23 2 52 -156 -256 -212 -414 -284 26 159 21 -235 249 -31 -258 -228 89 -273 -26 315 214 -398 -135 311 -218 -46 162 -171 -137 -124 -71 -280 190 136 318 -302 -400 -308 512 -108 501 -75 -189 -112 -146 -338 296 459 -189 12 -79 -58 -80 -60 -159 -93 -127 12 -259 -34 32 27 378 -148 -431 -181 142 313 -224 -50 512 -312 23 -67 -135 217 -37 59 101 145 187 187 104 -365 -262 -119 -265 20 -181 67 -200 -267 87 -134 104 -88 82 75 -448 440 -200 -40 129 -33 -162 -28 197 264 91 -261 9 109 258 -71 227 107 -325 -31 139 -82 -260 105 159 102 248 -152 -181 -249 154 -24 236 -133 -157 133 -110 161 334 210 81 43 -40 -230 329 14 -228 -67 -563 291 -397 130 17 -273 -9 109 61 -36 65 281 -59 273 73 -40 38 -99 45 254 266 -300 -39 241 -25 -82 -396 -275 339 24 37 -313 149 -67 -343 356 -392 64 -187 378 -269 136 -392 -116 -151 376 100 222 -216 159 -124 191 -231 118 -522 33 282 -265 32 44
10 2 99 66 100 130 68 105 182 229 420 -105 27 -157 12 123 191 50 -88 34 -29 4 -153 117 -140 -45 330 271 -398 -238 -198 114 28 -162 279 162 -171 1541 440 -44 342 -138 -201 -186 -365 -195 -189 18 383 100 313 421 140 91 40 -15 307 -388 61 -63 332 385 -84 44 -19 281 -162 200 142 -90 -152 -186 -181 57 -252 -40 -380 -125 -135 -81 -258 427 -102 196 204 -332 537 -149 -226 89 -166 -104 210 -124 260 403 -97 -244 245 186 135 501 312 -254 -53 -129 -315 127 125 244 49 -105 392 -276 324 270 -173 418 51 -106 147 108 -275 114 -565 -141 111 67 -167 -379 -116 528 378 -30 113 -113 154 -85 -90 139 -80 -59 122 282 249 279 -133 -152 -202 48 -89 125 253 -27 -131 -98 -382 208 98 195 420 -65 -57 -160 -83 -31 -122 130 -104 231 -10 -196 -89 -489 108 90 403 347 -18 47 -262 -252 71 155 20 -208 -155 -212 -67 124 17 77 -95 -132 21 652 -141 -200 74 -130 -110 -144 76 -466 -218 82 90 -276 -404 98 -128 364 211 -164 213 -150 -5 296 -97 108 59 106 -165 -53 -208 -102 -50 -80 -73 -454 56 219 -26 309 -231 353 -86 64 -14 -20 103 648 -132 234 250 291 -22 -67 -180 -39
12 6 135 67 89 128 67 -103 78 227 245 37 34 -135 -42 30 170 -21 133 -185 -143 273 -320 76 -37 67 503 142 -28 -268 151 -290 -314 -27 139 -476 -219 440 1635 180 83 -183 69 -162 253 -49 -213 -177 -92 56 142 124 368 73 -9 -435 323 -7 191 127 250 381 -3 212 -437 707 -207 19 -424 554 267 -98 -75 -280 -285 149 -358 -63 -433 63 -232 128 161 -5 -59 -161 516 111 17 379 77 -148 131 16 264 81 24 -369 195 -696 55 600 392 -8 -555 -239 -317 91 148 -1 139 11 170 -232 70 -27 -96 2 0 -368 -319 -222 232 89 -220 -199 -214 147 -47 -379 -290 265 74 -193 -93 -27 -94 -103 -221 -275 41 -30 173 181 190 -138 -144 -35 383 -4 -2 165 -350 70 246 -115 -145 357 130 291 162 -71 106 -430 66 -157 212 468 -176 -169 -130 153 -25 -532 162 256 332 -41 -59 -301 66 -183 59 82 -77 107 16 -257 -192 -86 399 -326 54 -160 -188 459 -538 -233 -222 54 61 160 50 -404 -87 -22 -183 -81 162 259 -43 78 442 -206 295 -170 393 68 -420 557 74 418 -204 -193 429 187 -204 195 -460 61 -52 239 144 -192 19 -377 303 -184 -39 -32 -33 200 293 87 -122 -129 243 -37 -149 -108
-16 -42 -5 73 15 -4 -42 148 -231 30 20 213 -26 -159 197 287 75 136 -104 15 107 158 146 169 237 46 288 -124 261 -137 272 -251 141 -10 -173 41 104 -44 180 1692 -241 -202 134 245 217 -311 181 -270 522 -296 38 -90 -127 -127 99 -213 286 -170 81 257 102 35 1 -4 216 -30 -82 -205 -53 11 279 25 485 -500 -312 432 -117 -293 -65 111 83 -20 33 19 -1 34 -154 -166 -533 -30 374 -317 -228 56 209 -270 108 175 203 -193 -4 439 142 -380 -127 97 78 -384 202 -325 9 -135 -284 -9 32 367 -256 -9 -205 574 -161 293 129 -352 242 71 117 -290 -113 -631 -235 -387 82 228 120 133 79 24 19 -107 -523 -241 302 -139 507 119 153 98 73 447 75 -63 -219 103 -122 13 17 -66 -22 444 142 107 -100 497 354 -76 58 -110 454 -231 -76 412 7 272 -25 21 -229 -221 611 -319 -200 133 98 -430 203 -84 84 -63 263 -118 -239 -312 -164 -277 306 -206 276 17 -242 339 -35 86 -242 188 337 -470 -512 251 -22 193 -228 135 28 551 637 149 -265 -31 -313 -229 -256 126 20 -384 -512 57 38 388 77 40 -42 -274 -216 -881 -509 218 -40 -132 31 88 -84 -416 -199 142 -525 -423 74 -69 -239 -386
