9 -15 -30 -21 -6 -21 -6 -6 3 6 9 -3 -9 0 15 3 3 0 -30 -3 -15 -21 30 24 21 9 -6 24 18 21 6 27 21 18 3 -27 -30 0 3 24 15 -3 9 9 21 -27 -12 27 27 30 9 21 -18 9 6 -18 12 6 0 -30 -18 18 -12 -12 -30 24 6 -3 30 12 30 30 0 -30 -27 9 -6 -15 18 -24 12 -9 30 -30 -6 24 -6 -27 -21 9 -9 3 6 -18 24 3 3 27 27 18 -9 15 24 -12 27 -3 -27 0 30 12 -30 -27 -30 9 12 30 21 -15 -30 6 -27 -30 -9 0 6 -3 -3 -12 -21 -15 3 24 -21 -15 0 -12 -15 -15 -9 -12 6 -6 -6 18 15 -3 -30 -30 -12 30 -6 6 15 12 3 6 -3 9 -9 -9 6 -18 15 6 27 9 9 -24 -9 -21 24 3 0 18 -6 15 15 6 -18 -3 -15 -6 24 0 -3 21 12 -15 3 0 -21 12 -30 -24 -21 0 21 -3 -6 -9 9 -18 3 0 3 -27 6 -27 -27 12 -18 -24 -3 27 3 -24 -21 -9 -30 -30 -24 12 -6 12 0 18 -18 -21 27 -24 -3 -9 -27 9 -3 -24 -6 18 -24 -3 3 -6 18 -12 -27 -18 24 18 -27 -24 30 -24 3 -15 -3 12 -21 -9 18 0 3 15 27 24 30 -9 -6 9 0 27 -18 30 -27 0 -30 -18 0 27 -18 9 27 27 18 18 15 -18 30 0 -30 27 -27 -24 9 -30 -21 9 15 27 18 24
-15 26 53 34 10 36 4 1 -10 -17 -14 11 13 1 -16 1 -14 7 53 14 22 40 -50 -48 -26 -13 20 -42 -39 -36 -6 -37 -36 -36 -9 45 47 7 -1 -35 -29 12 -19 -25 -44 41 10 -40 -46 -49 -22 -28 34 -16 -15 36 -14 -11 4 49 27 -30 17 26 50 -42 -15 4 -45 -13 -58 -48 2 51 42 -16 0 33 -23 42 -11 22 -42 57 11 -49 9 52 42 -10 16 -15 -9 30 -31 -4 4 -49 -53 -39 16 -26 -40 28 -46 -1 43 5 -46 -13 52 49 60 -14 -18 -47 -39 27 58 -15 49 59 25 -6 -6 -2 9 25 41 15 -4 -41 27 35 -6 21 24 31 8 16 -10 20 7 -26 -15 6 47 56 14 -58 6 -14 -21 -20 -1 -8 10 -19 19 10 -16 30 -20 -8 -52 -25 -5 43 25 42 -34 -14 -7 -37 13 -20 -15 -6 31 5 28 6 -37 -9 14 -26 -20 21 3 -5 36 -20 56 36 39 7 -43 9 5 22 -13 29 -9 7 -12 48 -6 42 53 -23 35 43 2 -39 -3 39 28 22 49 60 40 -26 15 -18 1 -37 29 38 -54 31 15 13 41 -22 12 33 7 -25 47 -1 -3 7 -38 17 35 29 -47 -31 47 37 -54 50 5 29 13 -20 27 11 -38 3 -3 -34 -45 -45 -41 14 3 -25 10 -52 34 -47 43 5 40 23 5 -37 30 -15 -45 -50 -24 -36 -33 21 -43 2 53 -41 36 44 -13 54 26 -12 -22 -43 -27 -36
-30 53 158 53 13 115 -26 56 -95 -62 15 49 24 66 -37 -34 -93 84 137 -33 20 78 -100 -174 -15 -3 -20 -23 -80 -3 -43 -129 -94 -148 41 111 98 -21 37 -72 -41 59 -14 3 -55 29 3 -124 -135 -62 -65 -56 114 -47 -14 85 6 -9 26 34 23 -4 101 114 156 -86 0 0 -120 44 -166 -87 13 96 88 37 25 137 -18 30 -48 86 -6 79 30 -100 17 181 105 27 26 -26 -59 102 3 -28 -18 -165 -163 -31 75 17 -101 43 -114 -29 126 15 -95 51 50 151 165 -20 36 -98 -19 98 173 -49 46 141 102 -4 27 -11 71 111 18 76 -7 -139 -10 115 3 8 89 40 2 14 -34 8 25 -20 -6 20 119 125 78 -103 57 -60 -59 -33 9 -56 74 -42 112 71 -73 60 -56 -28 -41 -39 63 33 130 133 8 33 35 -11 64 0 -90 34 126 52 87 43 -57 22 58 -71 -75 45 35 6 101 -47 174 47 103 63 -59 -41 -44 79 -38 106 -71 7 32 99 34 46 184 -112 26 152 36 -37 24 112 -21 107 97 186 80 -65 -7 15 38 -46 64 58 -187 60 -2 66 29 -23 45 38 -24 -45 108 55 17 -3 -70 -25 109 127 -87 -35 152 43 -182 89 69 20 62 -47 18 88 -49 79 -60 -35 -125 -144 -108 76 34 -130 100 -153 107 -35 21 78 7 32 64 -94 102 -79 -76 -63 -63 -78 -137 -16 -135 -8 74 -57 77 36 46 133 50 -21 -76 -21 -114 -5
-21 34 53 63 22 60 7 -25 36 2 -25 -35 35 -16 -43 -31 45 2 74 12 14 28 -82 -46 -75 -17 45 -72 -14 -71 13 -56 -15 -10 -39 78 83 20 9 -74 -37 13 2 -59 -40 105 28 -33 -53 -90 -1 -27 50 -19 -42 49 -60 -32 13 62 56 -82 5 -12 69 -33 -34 19 -62 -47 -71 -56 -13 62 79 -49 26 12 -55 85 -42 31 -92 51 2 -79 18 54 17 -50 25 -4 0 42 -57 1 9 -71 -35 -61 14 -42 -41 35 -68 7 29 -29 -90 -67 69 18 59 -6 -38 -65 -57 42 36 -26 48 81 -7 -25 -25 32 -5 16 84 14 7 -63 61 18 -15 16 9 58 54 63 -28 13 37 -27 -22 -11 59 80 36 -89 -23 7 -63 -39 -37 -28 -18 -32 -24 -17 26 69 -34 -18 -88 -23 -19 90 -3 15 -103 -45 -30 -52 -29 -50 -52 -27 32 -26 30 20 -69 -29 16 -74 12 22 0 -16 49 -5 18 87 24 8 -48 -9 3 -9 -25 26 20 12 -24 54 -48 49 23 -16 33 20 21 -52 -14 50 88 -8 59 41 86 -5 6 -44 -14 -15 62 55 -4 84 39 11 75 -43 8 93 54 -35 74 -14 0 39 -35 56 77 -1 -38 -19 27 67 -73 67 -31 40 -21 -23 95 -1 -59 -32 34 -65 -83 -43 -42 -1 23 15 -51 -62 52 -83 80 -8 77 75 -43 -78 36 -7 -67 -67 -57 -66 -30 80 -88 29 47 -97 74 56 -19 60 50 -27 -46 -89 -54 -105
-6 10 13 22 58 24 8 -18 -50 57 15 49 -49 7 -59 19 73 -61 -37 -41 -77 -39 35 -81 -24 -29 -21 -4 29 -5 71 45 -21 -5 -58 57 41 -47 -8 -53 50 -16 -27 -91 58 6 -69 73 42 18 72 47 -20 -76 -46 56 -45 19 54 60 32 -36 -20 -82 -13 26 -54 -33 43 -83 42 -9 -35 8 55 -78 0 10 55 62 43 89 -68 38 -45 -44 34 -43 -37 -90 -40 -55 11 84 6 -4 -50 -71 -77 -49 -17 -19 -56 45 5 -10 -25 19 -73 -33 88 -63 28 40 11 -1 -68 -10 -37 -44 -13 -22 -74 15 -77 -7 -71 -64 17 41 43 -24 56 14 -20 -50 -55 21 -19 42 7 -48 -10 -33 69 12 -51 38 -16 -44 21 -29 43 -22 44 -14 -72 33 -46 -20 52 37 -14 36 -85 50 47 108 -28 -72 30 5 6 36 -49 -57 -32 41 -5 3 31 56 20 -9 15 30 80 69 51 -62 65 -35 6 54 50 33 -52 -16 33 -1 20 -60 74 12 -50 14 -36 -51 -7 51 35 60 4 51 -74 -57 18 -13 68 52 64 -46 7 -78 42 10 81 -37 26 50 -28 56 42 -87 -27 -7 69 -32 82 -41 -58 46 -61 64 -33 56 -78 -66 -9 20 21 -13 33 -28 -73 65 -4 -22 -34 -58 66 -97 9 29 10 7 -63 -55 -73 -87 93 -80 -17 22 29 64 -51 -17 -18 -13 36 -36 16 24 55 15 33 -50 -58 -2 62 86 28 -53 65 27 -10 -45 -70 -64
-21 36 115 60 24 151 -81 -24 -14 -38 37 -50 52 69 -54 -111 9 126 130 -59 -67 9 -96 -168 -30 32 13 6 1 10 10 -116 -4 -98 -6 140 104 7 105 -98 -18 103 74 -63 8 82 -13 -41 -108 -58 -9 24 154 -35 -75 91 -41 -48 76 -59 18 -49 64 37 152 3 -24 23 -92 51 -164 -10 -6 31 106 24 59 114 -20 48 -80 135 18 -33 6 -149 16 168 2 -21 14 -16 -50 100 59 -12 12 -195 -96 -45 72 57 -45 45 -124 -51 23 -68 -112 10 -7 33 135 24 60 -60 8 119 79 -95 -54 155 55 -63 19 53 70 105 57 42 26 -161 -34 74 -25 -67 35 83 66 85 -66 -15 86 54 54 -29 76 121 128 -124 -21 -24 -119 -49 -65 -106 28 -62 28 1 19 119 -52 -35 -44 -37 117 58 109 51 -42 -31 -9 29 -29 5 -151 37 125 -10 77 77 -56 -40 100 -118 20 -13 74 -24 88 31 54 98 28 119 -23 -119 -117 19 -52 76 -32 44 29 45 -25 -47 105 -115 -51 70 93 41 37 95 9 58 32 119 131 -7 -59 9 19 66 107 35 -56 103 61 47 9 -56 57 94 44 -10 142 35 53 54 -27 7 142 29 -15 69 63 20 -209 87 35 0 14 -20 95 52 -51 41 11 -76 -181 -120 -22 43 73 -78 13 -145 138 2 1 91 -47 84 -17 -117 88 -68 -42 -18 -98 -130 -158 30 -174 56 -35 -115 73 -12 105 93 21 -28 -109 -21 -156 -72
-6 4 -26 7 8 -81 191 123 -84 115 -23 43 -30 -100 0 2 24 -99 -2 -21 102 -54 -34 58 -160 -74 -25 -125 95 -109 23 -7 -4 111 24 -67 17 -34 -112 -15 -12 -204 -94 133 25 -2 13 -71 27 -61 -19 -102 -179 -71 90 -31 -68 88 -99 163 97 -68 37 -75 -1 -81 -24 -17 16 -136 64 -124 -92 129 8 -133 86 -167 -28 36 -73 -141 -173 153 -87 186 59 -44 84 37 69 72 83 60 -98 -50 -99 45 13 131 -35 -87 -84 -72 126 101 143 107 -90 -97 22 53 -95 42 -28 -18 17 4 38 142 82 -124 -124 78 5 -41 -86 -103 -93 0 32 5 99 15 37 148 -22 -144 37 -25 -10 -82 -43 -97 -79 55 19 31 -131 136 86 63 -27 25 87 18 24 44 0 -11 -37 -100 7 -34 25 146 -112 75 -137 -31 -67 108 16 -84 -4 -122 -22 -75 -90 2 -13 -44 -15 172 -140 -80 -13 183 -96 14 76 -142 -61 -59 59 -150 40 50 171 -71 56 -37 78 -150 -47 56 5 155 -91 130 138 42 -78 -89 -145 -47 116 -45 111 -41 -10 45 47 -12 28 -107 -57 50 38 78 -115 73 27 14 -75 17 66 -41 -87 -13 -75 -65 -13 -11 -9 128 -7 -184 36 128 139 -62 5 -36 -111 -36 23 72 -27 -67 45 27 161 87 -94 -38 -68 94 -59 -15 -41 -145 51 -27 151 96 -16 -21 12 56 -99 -68 41 124 186 57 -33 -38 65 112 151 -9 -113 -45 181 7 26 -83 -33 3
-6 1 56 -25 -18 -24 123 316 -195 -11 71 32 46 2 -70 5 -47 -21 7 -147 109 -55 53 19 -127 -24 -250 54 16 64 -73 -168 -150 -39 149 -94 -13 -156 -70 21 91 -182 -18 343 65 -67 102 -161 -19 -20 36 -186 -116 -54 181 -103 12 149 -124 21 22 163 204 17 11 -97 90 -23 -95 -4 72 -109 7 113 62 75 191 -91 -29 -42 -105 -71 14 -13 -17 167 -8 40 82 64 23 146 -123 94 -27 -25 -171 -25 -40 202 -32 1 -143 -140 8 142 167 71 -3 55 9 93 -71 -85 51 -121 137 -10 120 79 16 -91 2 226 52 -39 -14 -81 -183 160 -88 -79 95 1 165 97 175 -197 2 -107 19 -151 -60 -123 -168 6 99 -85 -2 168 230 -37 -3 81 44 -16 43 38 175 246 -39 -74 -39 -13 204 182 -121 -70 -48 84 24 247 149 99 96 1 -96 -64 42 160 37 99 -36 293 -172 -105 -90 143 -96 146 110 -100 68 -22 21 -114 132 -26 104 41 -59 50 -39 -134 92 14 83 99 89 -14 64 156 -30 -99 -54 -6 -20 86 132 45 -71 59 -92 91 119 10 12 -21 -105 83 -210 98 -16 182 -87 11 -125 -114 -74 131 16 -102 36 -145 92 199 -7 -71 151 34 38 -96 -25 -65 -58 -5 28 177 113 105 -188 196 131 -3 -190 103 60 -4 120 39 11 -12 -49 23 50 48 28 -121 56 -100 -29 33 -76 142 126 9 -53 -164 9 138 146 -114 -42 -26 135 -62 -74 57 -36 166
3 -10 -95 36 -50 -14 -84 -195 507 -103 -222 -228 141 -65 -67 -137 -9 -97 5 25 -11 172 -179 182 112 40 162 -38 -28 -45 -60 5 141 133 -122 119 56 79 -101 3 -102 198 38 -185 -127 184 204 -96 -95 8 16 27 223 154 10 -28 76 -153 20 6 -61 -132 -239 -43 75 127 145 94 -77 -49 13 140 60 -249 -105 71 -155 58 -123 -76 16 -133 -152 -69 25 -39 30 -136 -238 -152 -35 33 52 -234 -275 73 78 281 314 -136 81 -79 267 83 -98 -56 -199 -317 -14 -157 -47 -14 -110 -117 -144 -42 -206 -58 -264 -84 50 45 -59 -225 -54 116 135 116 49 49 -138 215 -42 -217 -48 -41 -105 233 11 126 78 77 13 -10 -217 -15 87 4 125 -66 -199 138 0 -34 -223 25 -83 98 -220 -58 92 102 -60 -131 8 -183 -101 -99 6 -89 -133 -83 24 -64 -77 -70 57 -104 49 -194 -77 -83 -71 -178 68 -55 -18 -273 -183 98 -320 127 9 167 -107 10 -11 85 -37 -36 55 -43 -21 28 128 -78 -58 57 -145 -12 -107 -251 33 -226 279 48 177 -157 -214 -303 -45 12 -43 -46 -242 43 -170 53 185 -89 19 -275 178 -6 16 34 86 11 -78 22 10 182 235 109 15 -307 84 180 -126 -132 25 5 -255 52 30 -27 75 -198 107 -139 67 67 -150 72 -98 -27 143 281 -266 227 -286 49 252 -273 169 -67 -22 141 -81 92 -36 45 -40 -35 -102 174 -110 107 95 -369 -194 129 -3 37 -16 -86 131 -78 149 -257
6 -17 -62 2 57 -38 115 -11 -103 453 98 168 -296 156 -51 -24 179 -147 -213 -82 70 -202 150 58 -37 -41 -101 4 291 62 -82 50 196 -5 147 -34 -7 -113 107 -163 77 -141 -84 -24 354 -35 -36 119 64 21 60 -4 -207 -78 -38 100 -146 -69 107 15 38 -162 44 -73 -93 -23 -142 -11 124 -174 160 -129 -181 -11 62 -92 -29 -24 -46 -130 -83 -27 -219 -56 35 234 108 -155 41 -108 -109 -64 134 58 33 -70 -43 -32 -50 40 50 94 -29 -111 184 -76 193 194 -119 -114 -112 -98 24 198 -6 162 164 -6 -165 139 -196 -219 -212 12 -132 118 -233 -46 13 54 269 82 -9 -34 -6 -44 -245 -88 37 187 -166 -162 124 129 197 97 -158 -6 17 129 25 29 -24 -118 190 4 -66 82 -190 -240 32 -96 -11 82 -180 185 19 -22 -207 -212 71 65 85 71 10 -100 -62 127 -206 -6 -70 -105 106 -92 6 141 76 144 45 -168 -23 -43 -221 -250 106 -183 -45 -73 105 -210 70 83 203 -131 -3 -9 -143 -135 -267 110 -134 24 144 132 -295 121 -111 -168 108 -99 122 -50 150 -167 -16 -23 19 -72 119 134 -59 297 -32 -113 -44 41 108 16 -195 4 -198 32 -165 184 134 67 64 -145 -202 119 71 -179 126 -38 -85 1 -45 38 4 -88 87 -26 -66 1 122 -14 -84 -2 -107 -172 -36 -82 -142 111 92 110 16 -187 4 133 43 49 146 36 145 -93 110 56 -161 65 152 5 67 -46 37 230 -64 54 -217 -32
9 -14 15 -25 15 37 -23 71 -222 98 299 16 -12 97 -18 -70 91 159 -115 -109 9 -196 255 -25 -113 118 -132 58 178 198 35 15 37 -104 155 -188 -126 -48 275 40 208 -189 4 145 162 30 4 174 -28 -124 85 -9 -168 -76 90 22 -32 64 115 -196 -49 14 150 -78 -135 -95 -147 29 29 58 17 -90 -21 67 208 74 125 -44 -63 -7 -61 154 82 -189 -27 66 -14 112 145 -45 -104 -76 -164 86 319 0 53 -132 -23 -42 -59 -8 -143 -61 -35 59 35 148 -20 -10 -107 -116 144 4 87 -41 292 68 33 -108 -205 63 103 88 94 61 -62 -101 88 -20 -30 -138 -112 89 149 36 -12 -57 -66 68 -160 -96 59 125 121 -30 -83 -40 -35 121 144 -72 -94 6 67 -49 -61 18 83 6 120 -25 132 95 -3 56 71 -71 -40 27 -8 34 55 35 44 34 -4 1 -24 90 158 33 62 -53 26 0 162 -41 138 -21 99 54 -251 -157 6 -107 99 -74 -79 61 -121 39 85 10 -47 -71 -38 -176 26 -126 -1 104 106 179 -188 81 -164 99 175 20 114 37 -37 81 137 48 87 17 -7 148 127 218 -80 25 25 125 -146 -51 -46 50 49 -74 -220 -169 126 -80 -26 101 -73 -55 -132 111 127 77 -89 130 131 -17 22 143 -139 -29 9 -70 253 93 3 30 214 -119 78 136 -203 183 -138 88 -28 -240 -28 -52 -41 85 -29 -129 104 -177 104 -48 -208 135 78 -202 78 -58 -176 96 -267 124 -161 146
-3 11 49 -35 49 -50 43 32 -228 168 16 518 -338 46 -28 197 3 -87 -170 -29 -102 66 209 -121 84 -135 -17 10 -67 149 -172 89 -120 -194 175 91 46 -68 25 64 130 -37 -124 -181 1 -237 -34 51 115 192 -73 -33 -157 78 15 25 -95 -44 4 190 -88 4 -85 281 -136 -206 104 -130 7 -92 6 -6 78 100 -77 118 -148 190 87 -51 165 -41 2 256 63 120 -129 8 243 -38 -111 -213 173 61 -62 -134 -93 94 -152 -82 30 50 -166 131 40 -58 44 355 56 92 4 37 228 163 -26 109 -1 52 64 132 156 -36 100 31 -157 -54 -161 39 -72 228 100 17 -137 -68 -60 -195 -185 -232 -180 -72 3 6 38 -20 54 270 -221 -165 -21 86 185 -219 161 10 169 7 -19 104 102 49 -146 -100 32 260 -175 -68 35 -64 87 33 344 205 146 -40 33 -85 -76 312 17 44 0 -201 120 -22 -95 198 -220 87 187 -236 94 -206 98 -194 196 -145 -84 68 133 94 39 78 -25 47 90 98 129 13 147 44 -120 81 -123 217 -160 80 -156 89 168 143 126 -289 332 -41 99 -136 9 -131 -148 7 -143 228 -51 12 -154 -162 66 18 -107 -16 -323 -54 -270 136 45 192 -47 -206 107 66 34 -177 283 -22 -46 45 -350 30 -38 114 -141 -148 -9 5 32 1 -97 -258 91 26 -32 -50 -241 64 70 -153 276 -5 -63 76 108 -32 124 79 107 -211 110 -13 75 26 36 196 -61 -86 -82 233 23 -27 60 -36
-9 13 24 35 -49 52 -30 46 141 -296 -12 -338 372 -141 17 -158 -41 180 206 -33 21 -9 -151 31 -136 145 69 -92 -64 -124 134 -133 -2 96 -122 -31 3 74 -12 80 -40 -6 57 140 -176 220 99 -131 -83 -151 55 -38 155 -11 88 -43 111 66 -66 -103 -26 18 71 -121 137 0 44 97 -95 86 -93 42 1 23 74 17 151 -112 -44 95 -100 -7 25 -51 -76 -91 4 164 -37 34 108 141 -191 32 -2 127 48 -24 154 -16 -47 -151 8 35 -145 133 -57 -206 -46 -34 3 -7 -49 -210 29 -228 11 66 104 -171 91 196 53 -10 198 -37 225 -54 10 -121 -231 -113 10 18 73 196 161 127 76 -54 31 -3 -103 -77 -198 -176 198 98 -23 -66 -57 83 -128 123 -235 -84 66 -81 68 151 96 118 -5 -162 175 -48 -23 104 40 131 -252 -57 -107 -77 -40 19 10 -291 135 -29 91 115 -155 86 7 -255 90 -159 -140 238 11 87 -33 217 -142 26 101 2 -49 94 -33 -81 -101 13 -19 -7 9 89 63 -83 190 28 -29 -231 195 -62 203 141 3 -78 0 193 -237 191 6 70 -14 186 33 52 62 -162 51 81 95 119 -71 -59 105 25 242 -55 173 -206 24 -178 10 200 58 -60 -31 193 -178 60 -57 -1 296 5 -25 10 -61 62 92 -7 -50 38 138 206 43 85 -35 69 211 -95 -56 111 -116 -40 62 -111 -150 -82 -199 -50 -8 184 -179 -57 2 -76 -38 -99 0 43 66 -246 -38 14 29 -9
0 1 66 -16 7 69 -100 2 -65 156 97 46 -141 404 -95 -73 -69 -16 -141 -59 134 -26 133 -31 138 94 -303 216 62 159 -146 -47 87 -154 156 47 -88 -199 65 -230 -51 109 -39 -5 342 8 -34 41 -50 174 54 19 170 -12 -114 161 89 -179 247 -160 -55 45 198 47 27 53 -99 -67 -64 81 36 -87 -148 -116 -12 150 -131 242 -48 -274 -82 58 -22 -282 192 -52 118 -111 -108 37 -215 -94 -124 -36 34 -1 -83 -159 -188 49 112 223 24 -84 43 -95 275 -38 -37 101 -69 45 96 -18 115 41 114 1 -109 -70 -322 -190 -54 45 -124 130 73 3 27 8 107 67 -1 96 7 -57 -40 242 -72 103 -69 -76 25 160 211 -34 78 68 167 -100 -76 -17 61 -115 119 103 6 51 39 16 -70 -38 -146 -38 -57 -9 72 -239 -19 9 161 -82 79 282 202 90 83 140 30 70 -24 74 155 -138 184 227 18 -46 23 32 -152 128 128 -202 145 14 -47 -89 -114 -11 31 146 -10 -16 57 10 -169 -163 25 -225 -200 144 294 20 31 256 -222 24 -27 53 26 -164 -12 -201 -67 60 53 -13 -218 -66 -26 210 8 -31 165 -47 -149 -14 -97 221 38 -36 -1 96 89 61 -28 113 -119 -105 -109 -55 51 102 176 40 -50 74 95 103 -90 43 -145 -187 86 148 -23 -168 135 -227 11 198 -90 131 -13 11 128 -114 58 -59 137 155 61 -25 -201 -277 172 -31 -149 43 4 -40 185 128 -59 106 -44 296 -276 134
15 -16 -37 -43 -59 -54 0 -70 -67 -51 -18 -28 17 -95 518 254 -162 74 177 277 109 -18 19 -73 81 -11 215 41 -226 -127 -77 42 116 -98 -9 -111 -2 217 79 280 -66 200 -95 10 -134 -4 -132 -88 80 -52 -194 143 0 -26 -21 -9 37 25 -226 -175 -5 116 52 132 -76 -79 108 124 248 -1 -60 318 -35 -33 -93 -108 -150 -99 205 -195 -21 -35 192 31 112 15 -6 196 222 116 346 -37 153 168 225 214 340 -115 63 34 220 10 -8 -32 137 -104 49 41 339 251 -90 81 -74 43 -33 109 201 83 168 209 49 123 118 -81 359 -373 -48 119 70 -209 92 -98 -70 101 -106 286 68 -81 15 -158 -217 131 -65 170 220 21 -190 -122 -139 -6 -185 113 75 237 -9 -79 149 -219 10 -195 -67 78 108 28 -73 88 195 228 154 72 93 -20 -334 -255 -131 222 105 -42 -72 145 -245 -86 -235 41 88 195 -154 -17 116 176 -46 -117 -102 -170 -232 70 -120 64 -40 -231 -6 -80 -94 13 82 -14 202 -124 -165 200 129 -108 77 37 -78 -20 -108 134 -179 31 -52 238 -45 353 126 -80 -196 164 156 -170 38 29 -378 -36 54 -227 127 361 151 -281 104 -139 -112 -131 -100 -3 72 -34 39 11 135 125 72 -33 3 -333 -162 274 -206 0 82 154 40 -171 146 -23 18 65 259 -49 -116 -16 -155 172 -244 -77 -63 107 167 178 58 -248 213 113 -77 213 99 121 -200 -37 -288 -163 82 94 -130 -95 -2 167 186 221
3 1 -34 -31 19 -111 2 5 -137 -24 -70 197 -158 -73 254 697 -45 -275 -48 358 146 58 166 85 131 -218 -37 145 -399 59 21 22 -91 -225 -73 -19 -55 -65 -34 284 62 54 -99 -108 -85 -220 -119 169 253 -10 -115 77 -80 -72 -19 -10 -57 96 -237 81 57 333 24 53 -322 -82 47 -53 312 -137 99 206 273 98 -168 -114 -286 -56 230 21 193 103 178 54 228 -60 -56 -96 -24 -136 195 -67 174 85 9 193 255 63 -79 -117 -29 27 18 -51 31 45 -34 138 413 251 232 -65 -221 -40 -134 -33 -222 -231 70 167 188 48 102 253 -91 -341 -351 21 303 72 110 91 267 -87 -109 97 159 -147 -29 -145 -27 178 -70 1 94 87 -255 -361 -85 -25 -52 -116 340 185 46 220 -164 -132 21 125 -119 27 127 250 -126 58 -179 92 -127 168 83 -117 -17 -107 23 232 320 99 -217 200 -265 28 -271 35 -65 513 -142 34 123 77 26 -225 245 0 -63 117 -230 167 222 -92 -76 -13 12 85 -75 8 155 55 -127 245 162 -165 -80 139 -166 -164 -68 -52 -30 216 -98 9 97 27 210 35 152 -144 -3 -230 99 -31 -114 163 -140 -262 -20 90 168 -304 84 10 -150 42 -293 227 -134 -236 17 142 371 -55 22 -100 56 -106 -241 41 -101 -18 -105 149 58 -134 -22 -93 -30 -217 146 114 86 -198 -193 43 -162 -316 -101 113 -76 102 404 -239 208 151 13 187 465 -63 53 -60 -150 229 -76 -38 -231 -48 63 33 493 96
3 -14 -93 45 73 9 24 -47 -9 179 91 3 -41 -69 -162 -45 586 32 -54 -10 -111 -174 167 8 -208 74 -15 -73 242 -110 91 83 -101 85 84 33 169 91 153 -171 90 -213 210 -74 93 95 -10 278 268 -40 277 27 -210 112 -153 -188 -216 -81 55 22 -39 -16 -111 -74 -138 33 -70 -8 -19 -144 84 20 -46 71 176 -114 251 -198 -118 220 -37 35 -83 -26 67 16 -255 -179 48 -120 -143 44 -113 24 75 -5 -81 -6 43 -96 -323 -20 -178 94 -68 109 -103 126 -22 -47 70 -429 114 123 -179 156 92 -10 -31 -26 29 -91 -200 170 -78 222 -144 -257 128 -40 119 -53 140 -253 65 -215 -21 -133 245 110 107 -52 167 -149 101 -195 -161 -141 158 -76 -86 -132 -166 -117 -65 -126 -151 -244 -56 -29 294 7 -64 348 -157 72 -26 194 -175 -277 -127 14 -118 220 -157 -73 -238 1 -77 -73 4 -93 68 -116 -155 -42 149 37 58 -180 172 217 -385 96 -198 -155 20 -59 -7 -36 9 -42 37 214 -64 -63 -338 -167 -54 132 -90 7 6 115 -202 -29 99 -65 125 -84 200 82 138 -1 19 96 252 -126 138 442 33 101 -16 53 -52 305 76 -75 -137 -10 -197 -57 -40 271 274 -284 291 130 -104 224 7 -86 -94 78 -189 151 271 -87 -104 -79 -54 -146 -6 159 137 -148 -61 -10 -102 123 71 -80 -41 -95 73 147 -134 -335 -5 -79 8 -86 -283 -114 324 149 -30 -34 -122 44 197 6 -104 -93 8 2 -155 -50 20 -136
0 7 84 2 -61 126 -99 -21 -97 -147 159 -87 180 -16 74 -275 32 559 240 -87 -146 -151 -100 -79 -72 225 234 -96 44 -39 72 -242 94 15 63 -14 -3 145 291 43 -25 29 160 98 -96 60 8 -22 -79 -92 -54 -48 170 118 -44 -7 55 -24 32 -237 -229 -91 113 143 177 -142 24 25 -140 324 -298 -33 -88 126 32 197 213 5 36 117 -139 19 270 -24 -47 -41 -165 470 260 227 19 142 -167 62 203 -2 144 -182 -36 -47 -49 46 -87 74 -77 36 52 85 -48 53 -356 -61 330 -9 154 -49 331 266 291 -101 95 343 228 -119 281 100 273 127 -37 -220 -47 -244 -347 82 -52 16 -30 -18 144 -91 -128 -1 111 192 42 -160 105 156 27 -52 -45 -105 -306 88 -221 -272 365 -243 125 29 -102 25 -2 -31 96 -154 215 55 210 209 -129 -76 -194 -34 -20 51 -173 -63 149 -101 94 -100 7 -24 107 -291 60 -192 128 -112 177 200 -229 -54 -103 -114 159 -264 -141 91 -9 138 -279 127 -20 72 20 -53 223 -181 -71 90 -25 95 120 162 -52 256 66 71 158 129 3 279 -4 28 50 131 -121 203 182 40 -198 88 222 185 -85 95 -41 30 153 -233 17 -122 250 -220 222 264 -11 19 -247 113 165 98 -15 -8 210 75 -142 178 -142 -170 9 -126 266 -43 166 -85 239 24 58 248 -22 166 -286 100 107 -315 209 -138 -219 -27 -198 -328 -126 -86 -326 193 -50 157 10 -199 69 144 -147 2 -123 114 -88 -10
-30 53 137 74 -37 130 -2 7 5 -213 -115 -170 206 -141 177 -48 -54 240 607 94 9 191 -531 -256 -74 53 182 -79 -74 -280 157 -231 -78 -87 -22 155 318 165 111 -17 -221 54 125 130 -246 44 -195 -162 -202 -221 -227 58 347 -53 -1 -65 77 33 -228 36 -34 133 -79 94 315 -38 205 35 -17 54 -451 122 14 56 -7 -171 202 -192 159 110 -172 77 26 170 -18 -116 -40 317 185 210 237 178 1 154 112 -8 254 -183 -65 33 131 5 -44 63 -21 76 154 -222 14 204 -114 135 11 15 -79 -40 -82 222 296 89 134 195 -22 -68 456 -88 234 233 30 -118 71 -229 2 27 -126 239 282 15 303 20 -47 152 52 20 116 -192 148 261 170 -91 -161 11 -271 55 -133 -257 212 -397 102 6 -198 130 -98 -5 109 69 138 241 247 113 -213 104 -152 17 -27 23 -207 -90 49 -56 -122 -37 -175 108 149 -193 -30 88 19 155 88 12 99 55 -72 201 -38 -67 -105 -132 90 -10 -304 147 47 10 -18 119 136 124 224 59 51 -193 63 65 207 41 -188 178 22 276 -37 381 57 -147 -63 186 -195 287 4 -175 -163 30 136 54 165 143 126 -129 58 -57 117 -83 55 61 127 -48 170 267 -84 62 54 -59 40 -161 251 193 -246 -68 -9 102 -74 -60 -270 -125 7 -99 95 -146 59 -220 146 22 -83 -30 -132 -120 249 -170 -188 -281 -88 -219 -243 374 -431 163 134 -39 27 -104 19 389 61 -201 36 -52 64 -116
-3 14 -33 12 -41 -59 -21 -147 25 -82 -109 -29 -33 -59 277 358 -10 -87 94 798 237 137 62 -145 157 -205 90 -21 -215 -132 101 162 -122 73 183 133 -27 92 -216 55 -532 281 172 -185 -227 -39 -125 243 195 -64 -360 148 -26 -115 -263 -139 -84 -38 4 201 348 117 24 41 -24 82 -105 71 94 -105 -274 303 -79 183 -253 -162 -356 -38 -61 -65 -150 -164 151 308 42 -138 42 -54 66 95 114 -12 127 -59 12 252 92 78 -43 184 -193 44 -41 -3 216 187 201 18 314 210 229 265 -175 -48 -294 248 -298 -110 333 38 96 -67 146 146 -92 -249 -322 30 457 -210 62 119 348 151 -190 134 179 -17 15 -120 99 292 115 -53 206 -24 47 40 -156 -182 -335 231 106 -206 -44 172 60 -392 132 -2 -23 -64 152 151 -164 -171 -95 -28 13 170 -201 -307 -271 -218 -94 313 337 -30 -46 -100 -177 -184 -270 31 14 389 -303 118 38 115 151 18 230 45 -214 72 -73 233 -160 -99 -152 -72 31 134 -17 71 -56 118 -77 97 134 -238 112 255 -44 -124 -20 4 -286 188 -154 42 147 46 -149 19 116 -47 -46 -200 324 -176 33 28 -40 38 217 137 0 13 195 -201 60 153 78 40 41 120 105 70 120 390 -51 135 160 -122 -226 -146 -58 -99 107 -52 16 -363 -127 -138 -279 -19 270 47 -80 11 -211 21 -28 -186 -150 312 7 297 89 -242 58 50 -255 185 468 209 226 42 35 6 -148 30 -48 -101 -169 35 384 220
-15 22 20 14 -77 -67 102 109 -11 70 9 -102 21 134 109 146 -111 -146 9 237 751 241 106 119 -101 172 -272 -142 -19 -80 -154 -3 177 -185 273 -98 -22 67 16 -172 -92 -249 -179 207 149 196 43 -50 -52 -248 -36 -54 -226 -52 43 5 -30 -143 -12 4 125 114 112 84 -58 -60 -297 -32 -62 -220 -37 -257 88 251 -11 -176 -129 -18 -345 -202 -178 -21 -176 -92 410 235 83 -326 60 60 251 36 -87 -256 -37 79 -51 127 62 127 -108 -95 2 -220 -78 75 339 216 -4 122 152 22 -153 95 -238 -131 -95 -150 166 75 -82 -155 30 263 -53 0 46 -39 216 -138 10 52 183 3 210 224 284 98 170 51 -73 224 -21 -165 12 105 17 -93 19 -34 -92 92 -28 -62 131 279 -60 -131 190 32 -59 -125 101 47 54 29 -275 -204 -281 246 -161 -163 179 -6 327 67 205 -116 -173 21 -66 -148 -191 -45 -173 253 -119 -31 -429 336 -216 -100 33 -106 35 0 -197 260 -30 67 34 183 -115 -111 -5 71 -201 159 -310 -113 -2 21 178 -277 -62 229 -9 -93 82 -59 38 -3 -60 -35 18 -156 -146 223 -303 -88 351 130 11 212 50 103 -248 -54 -230 183 176 -28 -29 -17 29 -2 61 -113 42 292 -142 230 -236 163 262 -179 186 67 -49 237 -259 332 -135 -97 -161 -143 2 171 243 -101 -69 57 107 -11 102 -12 115 -47 -6 129 128 -134 -40 18 53 -32 166 -239 233 -174 23 -171 -47 160 38 -191 -202 109 84 346
-21 40 78 28 -39 9 -54 -55 172 -202 -196 66 -9 -26 -18 58 -174 -151 191 137 241 948 -182 -220 11 15 -48 148 -197 -13 -192 44 -293 -77 46 142 386 229 -91 -123 -17 43 -174 -69 -181 77 62 36 -337 -112 -176 -30 80 193 -43 -216 -40 -74 -14 248 -26 70 -543 155 -120 84 158 -250 -377 -265 -279 -57 312 -55 -64 -60 -66 3 -122 72 131 229 -93 -66 229 -99 -162 -267 -52 -101 192 -69 6 -402 -198 -119 -12 98 -68 -97 64 -181 -170 0 -141 39 -258 -212 86 96 141 70 1 249 -375 -57 -431 -51 -172 192 89 -131 201 -71 64 15 142 206 -18 204 -438 -28 154 2 43 -90 249 165 -26 3 94 432 142 -327 0 151 -43 -69 67 -62 -30 -158 122 -75 192 171 -144 83 148 69 -238 -18 -73 183 126 -126 -118 -192 210 52 126 41 107 157 -22 -195 -99 206 110 -24 -185 -154 -83 59 -119 29 -80 24 -137 131 -232 -83 63 23 25 298 -160 164 -225 38 26 -188 -334 265 185 -146 -99 105 188 -83 -179 -177 125 -192 28 290 34 -202 -262 167 -172 -158 111 6 -109 -542 -406 115 -422 -76 70 -350 -28 122 11 -119 -64 202 -3 50 -242 279 -23 146 -260 -102 -55 -262 183 13 -460 210 -227 345 109 -96 -16 -110 23 216 -77 79 -349 174 -287 -228 -29 76 -13 141 87 29 202 -80 592 -102 140 131 -95 41 -92 42 105 -195 -201 106 -275 -82 340 -355 -225 -85 -237 265 -143 -72 -131 -487 316 -145
30 -50 -100 -82 35 -96 -34 53 -179 150 255 209 -151 133 19 166 167 -100 -531 62 106 -182 961 -49 12 26 -206 55 51 331 -236 307 78 -125 276 -119 -268 -93 -64 23 371 69 -125 -103 230 156 122 257 242 146 306 125 -359 39 -37 -148 -149 -115 78 -5 76 10 101 54 -392 33 -101 -219 -63 -207 318 92 -54 134 -12 103 -295 50 -115 -209 98 -37 180 -91 170 60 -47 -283 162 -185 -218 -171 -179 -98 65 113 -264 84 155 72 -163 -115 -295 104 75 4 -79 452 260 34 168 -263 126 -18 -151 9 140 -199 98 -86 -150 -284 97 127 -407 -102 -187 -452 86 83 -159 -89 131 -81 219 -214 -270 -32 -359 -93 -202 -76 -161 2 135 309 -355 -525 -186 -99 175 -115 273 184 -20 72 -173 88 116 35 269 -74 235 199 -210 -44 -61 -58 -97 -44 208 45 42 -53 -21 99 89 183 94 2 92 58 54 -96 -149 432 -159 -136 168 111 -78 69 -225 -159 -100 -328 -41 21 -79 153 -275 -36 29 -45 138 103 -1 -260 -222 -146 -265 -29 82 233 -110 -10 -378 103 169 12 246 -162 -9 -183 196 100 -18 -62 173 -130 107 406 -10 132 -196 41 -22 119 -100 80 -6 -166 -311 122 194 -177 -16 204 71 -208 -91 197 -95 90 -203 120 -192 0 202 414 -225 -186 144 33 414 135 27 165 247 75 -69 336 -552 127 -88 151 117 -22 -84 228 362 64 25 116 403 -414 611 -223 -267 -74 38 -58 89 -351 -45 -17 -391 257 -40 395
24 -48 -174 -46 -81 -168 58 19 182 58 -25 -121 31 -31 -73 85 8 -79 -256 -145 119 -220 -49 933 -250 10 -90 15 20 -108 -144 -186 127 241 -241 -354 -403 -1 31 99 86 -408 -103 199 -54 -155 303 -132 77 97 -7 -445 -178 287 119 240 -123 -105 -88 -150 -84 -4 170 25 -334 -236 -72 239 88 262 355 -212 237 53 109 359 270 -56 -153 93 166 -121 16 -325 128 -54 -85 -49 -213 5 51 46 150 -257 -137 -132 131 262 162 -116 -22 76 255 -206 -38 17 -192 79 87 -221 -80 -108 -282 -185 191 -207 282 -226 -326 109 -14 42 -23 18 -181 233 46 27 75 -177 31 285 22 -139 33 46 -86 -63 108 -60 -22 -96 60 91 -367 -70 91 -290 -54 275 86 23 86 24 -84 299 -158 124 -72 -10 -116 -160 2 -218 52 -113 -484 -234 -451 -50 -57 -264 -6 -86 206 -52 317 -108 -196 56 -158 64 73 -37 -300 -98 145 -211 -67 -139 -254 -55 -103 -52 -79 -214 104 -2 266 -123 -78 258 130 -101 -322 -63 -110 313 -26 -6 -88 -212 -259 -158 -23 28 138 -152 34 -463 -120 13 -65 -105 14 194 178 -117 260 -124 108 -2 61 180 32 -86 -434 -244 -28 -180 73 74 164 -153 -158 -283 49 -22 -330 138 400 -277 -143 41 96 20 251 -47 108 -67 -108 185 176 96 227 22 266 211 -82 528 5 42 426 -127 -24 -36 -67 -74 -105 58 94 324 44 31 201 -20 37 133 120 187 -137 54 -160 6 -370 113 405 -51 115 -95
21 -26 -15 -75 -24 -30 -160 -127 112 -37 -113 84 -136 138 81 131 -208 -72 -74 157 -101 11 12 -250 894 -25 171 84 -154 199 -6 128 34 -114 52 88 33 -192 -98 59 -137 636 60 -103 44 -319 -14 47 -3 108 95 219 212 -228 -125 -120 583 167 69 -33 -211 59 -91 6 186 339 98 -15 205 66 155 187 -52 -454 -342 -69 -613 248 246 -260 263 81 253 152 28 253 161 -106 -14 -146 -284 143 -285 -88 -46 263 69 180 -71 -122 -108 28 279 15 127 -307 -10 -18 118 180 -153 56 150 -142 -137 348 -279 -313 99 -100 150 30 70 -79 4 -164 -99 355 -134 191 -16 375 -233 -55 -97 -178 -15 132 -184 -29 168 34 -115 59 77 -72 53 161 9 -209 -122 -55 213 -150 67 -83 368 -78 -387 -69 -49 27 -35 11 44 -11 316 -141 275 -49 178 121 201 140 149 364 229 33 -184 1 -21 -150 -47 -177 415 514 -142 -153 -175 -16 -226 312 287 35 -40 97 -238 -33 -41 110 232 4 -149 -12 220 -67 242 -453 -146 106 -27 -6 -5 -61 290 -166 -555 -108 -203 151 -346 -37 0 -41 -346 -90 -202 -317 -158 -382 -123 -270 -15 -140 136 -135 -69 121 -264 13 14 130 135 185 -72 47 -29 28 -60 -361 -5 -31 48 -260 269 -112 -532 -225 237 -144 70 147 -143 -143 -163 26 -117 -347 -1 -122 -299 17 -244 -114 -319 -347 147 235 23 -9 66 -81 110 8 -245 -92 317 -151 122 34 -287 330 263 -19 87 74 85 241 307 166
9 -13 -3 -17 -29 32 -74 -24 40 -41 118 -135 145 94 -11 -218 74 225 53 -205 172 15 26 10 -25 626 8 -82 63 -165 65 -86 277 -49 194 -10 10 199 215 -57 57 -312 -40 101 231 213 -193 84 -72 -47 199 94 -53 46 52 7 114 -208 230 -253 -348 193 -64 43 24 80 -188 50 103 127 63 -152 -58 -19 192 47 256 -8 -31 -101 19 186 -127 -237 221 180 -117 -124 224 22 107 43 -205 -176 313 88 61 -32 39 -93 -27 -40 92 72 -128 -107 89 100 -2 143 48 -316 192 4 -136 -68 201 -52 52 -304 11 78 54 -58 82 137 280 -130 29 -353 -1 59 -341 -165 103 -3 11 76 148 -70 124 107 -76 -255 134 -87 -192 104 150 -41 22 -15 -47 -21 -87 -228 182 -122 -34 -90 152 52 13 112 93 -17 232 115 -38 127 77 -81 -39 368 178 -88 -186 -132 24 -126 -84 -133 59 -310 30 -9 222 -154 -311 69 -131 162 -292 -22 -123 -35 -128 58 -92 174 47 96 -327 240 35 -134 -242 -323 -152 9 -216 393 108 -138 210 6 -76 249 138 -299 30 -8 -73 205 0 43 -95 256 -241 197 273 -31 -72 -144 33 81 -256 -152 -250 215 -19 -13 -15 -82 127 -406 213 49 -303 193 -187 45 -19 168 100 271 383 -142 -12 49 -290 59 -74 -63 13 -58 17 74 36 78 -12 257 279 -82 -225 66 162 -339 137 -151 41 -129 -238 -56 132 26 -152 -287 -137 -18 -305 -175 147 95 -50 -134 -125 258 -26 143
-6 20 -20 45 -21 13 -25 -250 162 -101 -132 -17 69 -303 215 -37 -15 234 182 90 -272 -48 -206 -90 171 8 1108 -306 -113 -167 83 -275 194 -21 -250 58 253 537 130 140 98 283 -7 -132 -407 157 -127 -120 -27 -267 -262 32 162 217 85 -200 -55 187 -365 5 32 -372 -365 -21 471 85 185 28 43 59 -353 -188 -135 -25 -72 -100 71 -114 360 142 -125 -145 51 359 -178 -166 -156 450 116 12 317 -16 198 -83 47 210 486 147 12 -416 66 -92 56 389 -209 -232 -191 88 -74 -143 -22 86 165 55 20 -14 -73 -51 246 -118 558 429 35 -497 190 -212 47 124 -45 -213 -87 35 -170 -9 -275 130 -251 -165 194 37 -141 117 -60 -15 96 71 -124 165 -109 -282 -80 -135 -113 132 -262 -306 279 -111 -358 -592 -45 139 134 132 -58 -149 208 425 419 139 -238 -174 -133 -433 -208 -25 -134 -322 -15 -24 -1 -109 116 -374 50 -134 -27 -114 76 -173 322 165 -86 48 -79 -83 -327 -273 101 -32 -86 -21 -94 -73 38 -29 200 57 -128 176 43 164 -156 215 129 -216 -73 6 -96 76 46 267 243 147 -158 -329 -49 74 272 -117 79 -610 48 -135 69 178 390 408 158 -145 -54 -54 -219 186 32 -320 105 -6 -19 17 -82 148 96 192 233 -179 -164 -186 -307 -49 219 -279 -125 33 79 -271 329 -133 -371 212 112 151 88 26 -127 -35 110 -146 330 27 -162 -75 95 -283 -53 27 -48 271 -175 -192 -173 42 -15 103 58 41 42 -111 253 -388
24 -42 -23 -72 -4 6 -125 54 -38 4 58 10 -92 216 41 145 -73 -96 -79 -21 -142 148 55 15 84 -82 -306 784 -72 301 -27 -175 -276 -23 -70 23 75 -175 -71 216 128 228 60 -14 279 -172 24 106 -35 239 -87 -2 121 78 105 -120 -14 150 142 -179 -183 367 152 -79 -288 109 195 -138 -82 116 124 244 84 -333 -39 145 56 -36 203 -169 66 192 45 -674 18 -205 -64 10 -316 -38 -143 55 55 38 142 129 223 -366 -149 112 362 330 -63 -260 10 1 44 -509 375 142 -119 113 -136 -226 12 95 227 25 -536 97 -221 -71 150 24 142 -46 -202 61 69 249 -73 81 184 189 -66 61 39 -72 -265 -13 28 1 52 227 101 -83 -95 -242 186 186 -107 -113 212 249 51 131 -43 149 16 103 -112 -150 -249 82 92 121 12 -208 102 -39 378 49 -211 336 -240 -27 62 271 143 244 -335 156 83 215 167 237 40 141 388 7 -50 52 41 -267 -107 138 128 -292 -43 -289 -106 -262 -7 116 203 -330 15 -235 157 79 -59 -90 343 264 -115 140 -191 -45 -236 179 -411 58 -26 34 91 132 -42 -21 43 -93 -335 -63 -169 89 -34 -316 -100 179 162 40 -13 20 19 -10 -207 173 -14 83 -218 -454 99 -291 24 76 -102 9 -85 75 230 -91 -45 109 -59 -283 163 192 -37 -78 112 84 123 195 -256 249 175 -222 -24 -117 42 -81 84 90 373 2 -303 142 80 106 -326 17 -193 -3 -18 136 -290 190 4 176 87 21
18 -39 -80 -14 29 1 95 16 -28 291 178 -67 -64 62 -226 -399 242 44 -74 -215 -19 -197 51 20 -154 63 -113 -72 1201 61 103 178 161 -32 104 167 37 97 97 -275 102 -348 34 227 243 -292 -77 -19 -176 115 -39 -13 -282 -329 239 9 -2 70 114 27 201 -150 125 -290 194 304 -256 -37 39 -144 -74 -176 41 -63 117 -263 278 -224 -143 -92 -207 172 -447 6 -192 148 247 -50 -5 -113 -247 -56 98 -12 457 -380 -181 201 382 240 32 94 -197 226 62 -63 59 140 -318 -55 -290 104 -72 189 23 340 126 157 -3 -139 -270 -367 -387 -239 -93 81 152 -58 70 -99 -31 82 95 215 148 -94 -301 -322 12 470 -16 -414 161 20 0 -35 12 74 66 331 124 37 -513 -125 152 7 -95 -174 -3 -441 84 -531 -57 57 189 174 92 -349 -194 -300 -16 321 305 54 193 -114 -50 -62 86 -329 335 -135 212 -91 -111 21 220 58 123 85 -103 77 -253 -523 192 -16 -39 -441 -8 -165 82 -104 126 -381 12 -218 -446 53 -289 -52 211 122 -129 73 -376 -124 -37 -192 118 -90 346 114 73 144 116 -28 -6 -132 271 397 -96 269 156 78 51 320 37 -89 -290 164 -307 146 -33 -248 157 -185 345 166 95 21 67 92 291 -183 -129 -19 400 -78 144 78 -77 -40 -12 208 -20 40 -144 95 -89 -176 -19 -17 -284 48 -115 172 186 -159 120 186 -181 -1 -19 -254 516 -330 -111 83 125 -37 486 153 113 17 200 158 -47 133 -431 161
21 -36 -3 -71 -5 10 -109 64 -45 62 198 149 -124 159 -127 59 -110 -39 -280 -132 -80 -13 331 -108 199 -165 -167 301 61 1062 80 5 15 -312 238 11 -293 -411 221 296 255 134 2 48 56 -55 181 89 -116 -232 1 115 4 25 328 -206 21 261 174 -142 -231 21 -86 -196 -107 97 92 -226 -56 82 -30 24 144 -117 -266 300 -575 344 -9 -3 -163 -33 90 -198 -118 287 131 -157 -473 -332 -261 144 102 7 -72 32 166 -20 173 -157 214 -40 102 -38 -179 158 36 -256 98 22 -235 94 23 -102 -18 -329 -98 158 -310 -255 -334 -1 217 259 40 118 -93 91 -43 648 14 119 -106 -66 354 -67 -33 76 -357 247 -63 -130 178 404 -86 166 -243 -330 305 219 90 -279 57 247 11 249 -317 612 143 446 112 -241 94 140 -88 141 22 -287 -28 60 2 75 467 73 -82 69 316 59 160 57 248 -94 -31 -57 306 154 40 -321 283 94 -93 -13 -55 -33 88 -230 436 3 195 246 71 154 153 -273 288 65 160 97 -154 -220 -227 -180 219 381 -86 245 -315 -199 320 182 -11 -200 163 26 118 43 -137 -159 -28 -155 46 181 -31 376 15 -31 -211 182 -165 200 289 -96 21 36 -80 112 -129 394 206 -387 -42 -56 38 -123 82 89 -322 -82 267 206 -112 173 -80 6 172 176 188 -137 171 -280 -191 510 -469 261 123 -210 109 105 -187 -64 -34 157 227 -167 -203 -325 74 251 -286 -211 -41 167 265 -53 -174 191 -157 189 -83 167
6 -6 -43 13 71 10 23 -73 -60 -82 35 -172 134 -146 -77 21 91 72 157 101 -154 -192 -236 -144 -6 65 83 -27 103 80 1098 -19 -172 179 -176 177 192 -397 -81 139 -249 -138 125 -108 145 -245 -332 526 400 -127 95 193 45 -279 -47 24 102 398 236 225 -136 11 157 -586 14 228 -169 -179 374 117 -306 139 -158 237 -272 -472 -112 -318 221 265 -3 167 -232 -133 -443 143 261 45 -545 -61 -193 43 136 55 70 270 227 -178 -155 -102 -202 -91 -71 -122 39 246 255 -278 -208 -93 -132 -97 -434 -202 13 -208 -387 38 74 -379 -54 120 -137 17 92 -182 -124 -162 351 -221 353 200 159 237 -235 358 106 79 132 246 311 -36 -120 -8 330 47 8 334 34 -64 -339 -142 -16 -45 -279 -181 189 4 -86 138 -1 -44 104 -131 27 -49 -5 232 -310 201 -302 -323 103 -11 -168 -125 248 -73 -273 -398 160 -35 -19 -34 435 201 317 -70 86 -19 314 6 0 335 66 40 201 -54 42 309 375 -95 203 41 -326 -42 -213 235 -251 142 541 113 54 231 -57 -276 297 -117 241 152 -182 185 -91 74 213 3 191 136 -41 -61 225 -239 119 -228 96 -92 74 -76 80 149 372 -58 240 -34 -58 206 -186 172 -85 49 421 66 -19 -264 -82 457 336 -475 -83 -488 118 -244 203 -70 -21 -295 -329 -118 -134 -126 297 15 -32 -42 -33 -52 -155 6 -11 -134 -79 -300 85 -129 -152 282 121 -12 -16 190 249 123 220 -73 185 -111 105 222 39 -308
27 -37 -129 -56 45 -116 -7 -168 5 50 15 89 -133 -47 42 22 83 -242 -231 162 -3 44 307 -186 128 -86 -275 -175 178 5 -19 1065 -202 12 91 -243 -176 114 -154 -89 -117 -77 90 -237 -152 -153 -174 220 58 219 268 366 -359 -118 -262 -121 153 -174 120 126 170 -6 -102 163 -407 175 -245 0 165 -112 270 262 34 -77 65 -366 -461 -5 -374 7 383 -44 -121 100 85 127 -14 -581 157 143 -274 -437 -40 63 194 -267 -297 59 298 139 -277 -253 2 85 135 -201 -218 207 129 39 104 -166 -13 110 -167 433 -184 -87 -17 181 -225 -450 -54 -1 -96 -49 -55 -174 18 -98 129 -46 -81 113 172 -297 56 -24 -272 95 194 177 -150 -118 35 90 -36 -164 13 59 -16 223 -60 -213 328 100 -276 57 74 -66 357 -106 159 -9 -225 -55 148 -93 -143 -484 149 111 -48 -79 19 176 28 206 -183 -113 278 -154 105 -139 106 145 -55 25 -14 50 -245 -34 -88 -72 127 229 108 572 -223 198 105 -17 308 123 -146 80 -40 -254 -3 -129 100 -283 -137 -205 -68 -264 -33 -182 -20 23 -6 -292 20 -264 66 -24 -248 -47 102 -115 14 231 -33 -299 -54 -96 -199 -215 -114 -23 -226 91 -32 -190 -197 -6 83 -13 207 -103 -70 144 -84 -328 -168 71 -165 -154 139 0 196 52 1 305 54 162 -545 303 89 -249 -230 -315 -179 -385 -84 -56 2 609 -314 140 -33 -47 -76 259 185 -355 226 -236 150 94 -8 55 -24 -329 29 -103 22 -118 -91 442
21 -36 -94 -15 -21 -4 -4 -150 141 196 37 -120 -2 87 116 -91 -101 94 -78 -122 177 -293 78 127 34 277 194 -276 161 15 -172 -202 1475 -28 13 217 -401 167 169 81 392 52 -73 -160 501 457 -381 79 -363 -104 -25 411 289 -337 223 348 -54 -358 -68 -213 -123 -174 -274 -147 278 -98 -216 -114 245 -232 115 -255 -98 -289 -302 147 -108 -2 234 -271 -244 -33 1 152 47 346 271 -58 199 67 300 197 62 -67 47 34 -83 305 371 9 172 19 548 92 284 -117 66 84 -217 -9 -186 -220 129 222 215 -158 -21 -13 -159 -150 -124 55 -23 -93 -230 221 122 -104 -13 -262 -114 42 -424 -246 -81 99 -659 119 39 -11 -572 -42 6 495 57 13 -279 308 -276 228 100 443 -47 396 -82 194 -128 113 -346 -241 -275 137 261 -136 195 319 220 -77 -184 196 -379 -171 227 -93 238 50 164 -90 -115 -216 -277 16 -87 -174 -21 -46 351 -133 -324 157 -302 -24 3 -330 257 37 -97 -112 149 -371 -22 -46 -216 -260 -20 161 307 -151 -658 113 -266 -171 0 128 199 -32 -45 71 -132 -416 505 78 90 -196 -128 268 68 150 62 54 628 178 129 97 -56 125 407 7 -238 -307 123 -4 6 -110 -348 -32 62 -203 -597 175 92 -143 266 104 -227 51 95 87 -38 333 71 -68 80 152 116 -120 360 206 -343 -333 -320 -35 62 152 -539 29 -3 -113 -98 202 351 -175 120 -49 43 -364 145 146 -49 -315 9 87 154 -102 -19 100 -259 181 -105 76
18 -36 -148 -10 -5 -98 111 -39 133 -5 -104 -194 96 -154 -98 -225 85 15 -87 73 -185 -77 -125 241 -114 -49 -21 -23 -32 -312 179 12 -28 980 -163 -14 -136 -231 -529 115 -404 54 -33 -9 56 45 223 234 5 185 46 -207 -48 39 -222 63 -97 -18 186 396 -16 -209 11 -292 -52 206 -89 97 -156 140 271 147 -321 64 -77 87 116 -33 -110 390 249 -17 116 120 -162 88 204 -157 -20 24 -30 366 -58 -46 -261 -103 -336 -102 -143 339 -237 -75 43 -154 544 171 -113 -195 25 -388 138 -131 -159 -99 45 61 34 -84 -309 93 114 -274 52 -26 -174 85 -173 -196 -122 -173 -57 9 179 175 -75 -76 -252 101 68 -170 117 -129 -24 -214 -191 -180 65 196 -449 -37 -87 173 41 -242 -23 153 344 76 -260 51 -34 -151 76 -445 130 -20 -128 170 -278 -308 -123 -133 -557 21 -242 -142 -38 74 -77 -242 -400 155 -13 258 -50 -222 340 225 -125 -300 -85 207 -220 232 -261 -138 345 101 -40 -269 -33 -188 17 92 -371 77 -39 51 -25 126 -57 -218 -177 89 44 -349 181 -205 -167 -281 -421 -16 -3 -186 -421 72 27 -64 82 -98 20 -174 3 -289 45 -41 -22 -16 -54 -227 29 97 414 168 -47 -221 -74 -104 -316 -25 140 5 -119 67 -403 217 51 -170 327 -244 476 -410 345 39 190 -153 -215 207 -266 293 -6 16 450 -199 260 413 -314 170 -69 71 -313 247 -111 70 106 211 -118 177 244 574 -15 -14 -135 -232 263 121 91 -527 18 -185
